Year	Month	Day	Hour	Minute	Second	Temperatures (C)
2018	8	19	18	6	3	16.31	20.50	16.75	18.62	
2018	8	19	18	8	4	17.06	20.44	17.44	19.12	
2018	8	19	18	10	5	16.19	20.12	16.62	18.37	
2018	8	19	18	12	5	15.81	20.00	16.25	18.06	
2018	8	19	18	14	6	15.56	19.87	16.06	17.81	
2018	8	19	18	16	7	15.50	19.81	15.88	17.75	
2018	8	19	18	18	7	15.44	19.75	15.81	17.81	
2018	8	19	18	20	8	15.38	19.75	15.75	17.69	
2018	8	19	18	22	9	15.50	19.87	15.75	17.62	
2018	8	19	18	24	10	16.19	19.87	16.06	18.12	
2018	8	19	18	26	11	15.94	19.87	16.12	17.87	
2018	8	19	18	28	12	15.69	19.87	15.81	17.62	
2018	8	19	18	30	13	15.31	19.87	15.69	17.62	
2018	8	19	18	32	13	15.44	19.81	15.69	17.31	
2018	8	19	18	34	14	15.88	20.00	15.88	17.75	
2018	8	19	18	36	15	16.62	20.44	16.94	19.00	
2018	8	19	18	38	15	16.25	20.44	16.50	18.06	
2018	8	19	18	40	16	15.94	20.31	16.06	17.62	
2018	8	19	18	42	17	15.44	20.25	15.44	16.87	
2018	8	19	18	44	18	15.56	20.19	15.56	17.31	
2018	8	19	18	46	18	15.69	20.25	15.75	17.44	
2018	8	19	18	48	19	15.56	20.12	15.56	17.37	
2018	8	19	18	50	20	15.88	20.25	15.81	17.56	
2018	8	19	18	52	20	15.69	20.50	15.94	17.69	
2018	8	19	18	54	21	15.81	20.44	15.88	17.75	
2018	8	19	18	56	22	15.44	20.37	15.81	17.69	
2018	8	19	18	58	23	15.63	20.44	15.75	17.75	
2018	8	19	19	0	24	15.38	20.31	15.50	17.50	
2018	8	19	19	2	25	15.44	20.31	15.63	17.62	
2018	8	19	19	4	26	15.19	20.31	15.19	17.25	
2018	8	19	19	6	26	15.25	20.31	15.56	17.44	
2018	8	19	19	8	27	15.00	20.12	15.25	17.19	
2018	8	19	19	10	28	14.94	20.06	15.13	17.25	
2018	8	19	19	12	28	15.06	20.00	15.06	17.00	
2018	8	19	19	14	29	14.63	19.87	14.75	17.00	
2018	8	19	19	16	30	15.19	19.62	14.81	16.94	
2018	8	19	19	18	31	15.31	19.94	15.25	17.31	
2018	8	19	19	20	31	15.06	20.06	15.13	17.19	
2018	8	19	19	22	32	15.19	20.06	15.19	17.44	
2018	8	19	19	24	33	15.25	20.19	15.19	17.31	
2018	8	19	19	26	33	15.06	20.12	15.25	17.37	
2018	8	19	19	28	34	15.19	20.19	15.44	17.44	
2018	8	19	19	30	35	15.38	20.19	15.25	17.31	
2018	8	19	19	32	36	15.13	19.94	15.06	17.19	
2018	8	19	19	34	37	14.75	19.87	14.81	16.94	
2018	8	19	19	36	38	14.44	19.69	14.63	16.87	
2018	8	19	19	38	39	14.88	19.75	14.63	16.81	
2018	8	19	19	40	39	14.69	19.75	14.75	16.87	
2018	8	19	19	42	40	14.44	19.69	14.69	16.87	
2018	8	19	19	44	41	14.94	19.75	14.94	17.19	
2018	8	19	19	46	41	15.13	19.81	15.13	17.12	
2018	8	19	19	48	42	14.81	19.75	14.81	16.94	
2018	8	19	19	50	43	14.38	19.56	14.75	16.62	
2018	8	19	19	52	44	15.19	19.69	15.19	17.31	
2018	8	19	19	54	44	14.44	19.56	14.69	16.44	
2018	8	19	19	56	45	15.13	19.44	14.94	16.87	
2018	8	19	19	58	46	14.56	19.44	14.75	16.56	
2018	8	19	20	0	46	14.81	19.25	14.69	16.75	
2018	8	19	20	2	47	14.25	19.25	14.50	16.37	
2018	8	19	20	4	48	14.19	19.12	14.19	16.37	
2018	8	19	20	6	49	14.06	19.19	14.38	17.06	
2018	8	19	20	8	50	14.69	19.25	14.88	16.94	
2018	8	19	20	10	51	14.25	19.12	14.50	16.25	
2018	8	19	20	12	52	14.06	19.06	14.25	16.56	
2018	8	19	20	14	52	14.63	19.12	14.63	16.75	
2018	8	19	20	16	53	14.44	18.94	14.50	16.31	
2018	8	19	20	18	54	14.00	18.81	14.13	15.94	
2018	8	19	20	20	54	13.94	18.75	14.13	15.63	
2018	8	19	20	22	55	14.31	18.75	14.81	16.75	
2018	8	19	20	24	56	14.00	18.62	14.19	16.12	
2018	8	19	20	26	57	13.81	18.62	14.00	16.06	
2018	8	19	20	28	57	13.88	18.62	14.13	16.12	
2018	8	19	20	30	58	13.81	18.62	13.94	15.94	
2018	8	19	20	32	59	13.81	18.56	14.06	15.88	
2018	8	19	20	34	59	13.75	18.56	13.94	16.00	
2018	8	19	20	37	0	14.06	18.62	14.06	15.69	
2018	8	19	20	39	1	14.25	18.75	14.31	16.25	
2018	8	19	20	41	2	14.13	18.75	14.13	16.06	
2018	8	19	20	43	3	13.88	18.69	14.13	16.25	
2018	8	19	20	45	4	13.75	18.56	14.00	15.88	
2018	8	19	20	47	5	13.69	18.56	13.88	15.75	
2018	8	19	20	49	5	13.75	18.44	13.81	16.00	
2018	8	19	20	51	6	14.31	18.75	14.19	16.31	
2018	8	19	20	53	7	14.06	18.62	14.13	16.31	
2018	8	19	20	55	7	13.81	18.56	13.88	16.06	
2018	8	19	20	57	8	13.63	18.50	13.75	15.63	
2018	8	19	20	59	9	13.44	18.31	13.69	15.81	
2018	8	19	21	1	10	13.38	18.25	13.44	15.31	
2018	8	19	21	3	10	13.44	18.25	13.56	15.69	
2018	8	19	21	5	11	13.63	18.19	13.50	15.31	
2018	8	19	21	7	12	13.44	18.25	13.56	15.75	
2018	8	19	21	9	12	13.25	18.19	13.38	15.75	
2018	8	19	21	11	13	13.19	18.12	13.38	15.50	
2018	8	19	21	13	14	13.00	18.00	13.06	14.75	
2018	8	19	21	15	14	13.13	17.87	13.25	15.31	
2018	8	19	21	17	15	13.19	18.12	13.31	15.56	
2018	8	19	21	19	16	13.31	18.12	13.38	15.56	
2018	8	19	21	21	17	13.44	18.19	13.56	15.75	
2018	8	19	21	23	17	13.25	18.06	13.38	15.50	
2018	8	19	21	25	18	13.19	18.00	13.31	15.44	
2018	8	19	21	27	19	13.25	17.94	13.38	15.50	
2018	8	19	21	29	19	13.13	17.94	13.19	15.31	
2018	8	19	21	31	20	13.13	17.94	13.19	15.31	
2018	8	19	21	33	21	13.00	18.00	13.13	15.44	
2018	8	19	21	35	22	13.69	18.25	13.69	16.00	
2018	8	19	21	37	23	13.38	18.25	13.56	15.56	
2018	8	19	21	39	24	13.44	18.12	13.44	15.50	
2018	8	19	21	41	25	13.44	18.19	13.69	15.63	
2018	8	19	21	43	25	13.69	18.19	13.50	15.50	
2018	8	19	21	45	26	13.31	18.12	13.63	15.44	
2018	8	19	21	47	27	13.19	18.06	13.38	15.38	
2018	8	19	21	49	27	13.31	18.12	13.44	15.81	
2018	8	19	21	51	28	13.94	18.19	13.94	16.00	
2018	8	19	21	53	29	14.06	18.37	14.06	15.94	
2018	8	19	21	55	30	13.63	18.31	13.81	15.81	
2018	8	19	21	57	30	13.38	18.12	13.56	15.50	
2018	8	19	21	59	31	13.56	18.06	13.50	15.63	
2018	8	19	22	1	32	13.25	18.12	13.50	15.56	
2018	8	19	22	3	32	13.56	18.06	13.50	15.75	
2018	8	19	22	5	33	13.31	18.12	13.50	15.63	
2018	8	19	22	7	34	13.25	18.06	13.44	15.50	
2018	8	19	22	9	34	13.75	18.12	13.75	15.88	
2018	8	19	22	11	35	13.94	18.31	14.00	16.06	
2018	8	19	22	13	36	14.06	18.44	14.38	16.12	
2018	8	19	22	15	37	14.06	18.50	14.25	16.12	
2018	8	19	22	17	37	14.00	18.62	14.50	16.31	
2018	8	19	22	19	38	13.94	18.44	14.25	16.12	
2018	8	19	22	21	39	14.00	18.37	14.00	16.00	
2018	8	19	22	23	39	14.06	18.44	14.19	16.25	
2018	8	19	22	25	40	13.88	18.69	14.31	16.25	
2018	8	19	22	27	41	14.06	18.69	14.31	16.19	
2018	8	19	22	29	41	13.88	18.69	14.31	16.00	
2018	8	19	22	31	42	13.75	18.56	14.00	15.94	
2018	8	19	22	33	43	13.88	18.50	13.88	16.00	
2018	8	19	22	35	44	13.50	18.37	13.63	15.63	
2018	8	19	22	37	44	13.56	18.37	13.69	15.75	
2018	8	19	22	39	45	13.88	18.62	14.19	16.19	
2018	8	19	22	41	46	14.06	18.81	14.50	16.25	
2018	8	19	22	43	46	13.94	18.62	14.00	15.94	
2018	8	19	22	45	47	14.06	18.44	13.88	15.88	
2018	8	19	22	47	48	13.31	18.37	13.56	15.69	
2018	8	19	22	49	48	13.25	18.25	13.44	15.50	
2018	8	19	22	51	49	13.44	18.25	13.56	15.63	
2018	8	19	22	53	50	13.75	18.44	13.94	16.06	
2018	8	19	22	55	51	13.44	18.31	13.69	15.63	
2018	8	19	22	57	51	13.56	18.25	13.56	15.56	
2018	8	19	22	59	52	13.81	18.19	13.69	15.69	
2018	8	19	23	1	53	13.56	18.19	13.50	15.75	
2018	8	19	23	3	53	14.06	18.37	14.06	16.06	
2018	8	19	23	5	54	13.63	18.44	13.88	15.75	
2018	8	19	23	7	55	13.88	18.37	13.88	16.00	
2018	8	19	23	9	56	13.25	18.31	13.50	15.56	
2018	8	19	23	11	57	13.63	18.44	13.88	15.81	
2018	8	19	23	13	58	13.63	18.31	13.63	15.38	
2018	8	19	23	15	59	13.63	18.19	13.69	15.63	
2018	8	19	23	17	59	13.44	18.25	13.44	15.56	
2018	8	19	23	20	0	13.13	18.19	13.38	15.50	
2018	8	19	23	22	1	13.44	18.25	13.81	15.75	
2018	8	19	23	24	1	13.56	18.25	13.63	15.63	
2018	8	19	23	26	2	13.13	18.19	13.31	15.38	
2018	8	19	23	28	3	13.50	18.12	13.38	15.50	
2018	8	19	23	30	4	13.81	18.25	13.69	15.56	
2018	8	19	23	32	5	13.56	18.31	13.81	15.56	
2018	8	19	23	34	6	13.69	18.31	13.69	15.56	
2018	8	19	23	36	7	13.75	18.37	13.69	15.75	
2018	8	19	23	38	7	13.44	18.31	13.81	15.81	
2018	8	19	23	40	8	14.00	18.37	13.94	15.94	
2018	8	19	23	42	9	13.88	18.44	13.88	15.75	
2018	8	19	23	44	9	13.94	18.37	13.81	15.94	
2018	8	19	23	46	10	13.69	18.37	13.75	15.69	
2018	8	19	23	48	11	13.50	18.19	13.63	15.38	
2018	8	19	23	50	12	13.44	18.31	13.56	15.50	
2018	8	19	23	52	12	13.94	18.12	13.50	15.13	
2018	8	19	23	54	13	13.75	18.19	13.63	15.31	
2018	8	19	23	56	14	13.63	18.12	13.56	15.38	
2018	8	19	23	58	14	13.44	18.00	13.56	15.56	
2018	8	20	0	0	15	13.69	18.12	13.56	15.44	
2018	8	20	0	2	16	13.44	17.94	13.25	15.19	
2018	8	20	0	4	16	13.81	18.00	13.56	15.50	
2018	8	20	0	6	17	13.56	18.25	13.88	15.75	
2018	8	20	0	8	18	13.50	18.25	13.69	15.25	
2018	8	20	0	10	19	13.44	18.00	13.44	15.19	
2018	8	20	0	12	19	13.19	18.00	13.31	15.25	
2018	8	20	0	14	20	13.31	18.12	13.44	15.38	
2018	8	20	0	16	21	13.06	18.00	13.25	15.00	
2018	8	20	0	18	21	12.81	17.81	13.00	15.00	
2018	8	20	0	20	22	13.38	17.81	13.13	15.25	
2018	8	20	0	22	23	13.38	17.94	13.25	14.88	
2018	8	20	0	24	23	13.31	17.81	13.13	15.06	
2018	8	20	0	26	24	13.13	17.75	13.19	15.25	
2018	8	20	0	28	25	13.38	17.87	13.31	15.44	
2018	8	20	0	30	26	13.63	17.94	13.50	15.63	
2018	8	20	0	32	26	13.56	18.00	13.50	15.50	
2018	8	20	0	34	27	13.75	18.12	13.75	15.81	
2018	8	20	0	36	28	13.38	18.12	13.50	15.44	
2018	8	20	0	38	28	13.69	18.00	13.38	15.31	
2018	8	20	0	40	29	13.81	18.06	13.56	15.56	
2018	8	20	0	42	30	13.06	18.00	13.25	15.06	
2018	8	20	0	44	31	13.19	17.81	13.06	15.00	
2018	8	20	0	46	32	13.06	17.69	13.06	15.00	
2018	8	20	0	48	33	13.00	17.69	13.06	15.13	
2018	8	20	0	50	34	13.31	17.75	13.25	15.19	
2018	8	20	0	52	34	12.94	17.75	12.88	14.94	
2018	8	20	0	54	35	13.25	17.87	13.38	15.38	
2018	8	20	0	56	36	13.25	17.87	13.31	15.13	
2018	8	20	0	58	36	13.25	17.75	13.13	15.25	
2018	8	20	1	0	37	12.94	17.69	13.06	14.88	
2018	8	20	1	2	38	12.75	17.56	12.88	14.88	
2018	8	20	1	4	39	13.00	17.50	12.81	15.06	
2018	8	20	1	6	39	13.38	17.94	13.44	15.63	
2018	8	20	1	8	40	13.13	17.81	13.31	15.06	
2018	8	20	1	10	41	13.38	17.75	13.31	15.19	
2018	8	20	1	12	41	13.06	17.62	13.06	14.75	
2018	8	20	1	14	42	13.13	17.62	13.06	14.94	
2018	8	20	1	16	43	13.25	17.69	12.94	15.00	
2018	8	20	1	18	44	12.56	17.62	12.69	14.81	
2018	8	20	1	20	45	12.31	17.44	12.63	14.63	
2018	8	20	1	22	46	12.88	17.44	12.94	14.88	
2018	8	20	1	24	47	12.44	17.44	12.63	14.63	
2018	8	20	1	26	47	12.63	17.37	12.63	14.81	
2018	8	20	1	28	48	12.81	17.44	12.81	14.75	
2018	8	20	1	30	49	12.69	17.44	12.75	14.81	
2018	8	20	1	32	49	13.25	17.50	13.19	15.13	
2018	8	20	1	34	50	13.06	17.56	13.06	14.88	
2018	8	20	1	36	51	13.13	17.50	13.00	15.00	
2018	8	20	1	38	52	12.50	17.56	12.75	14.69	
2018	8	20	1	40	52	13.06	17.44	12.88	14.75	
2018	8	20	1	42	53	12.63	17.44	12.75	14.81	
2018	8	20	1	44	54	12.50	17.44	12.69	14.63	
2018	8	20	1	46	54	13.06	17.50	13.00	15.06	
2018	8	20	1	48	55	12.50	17.50	12.56	14.94	
2018	8	20	1	50	56	13.06	17.56	13.13	15.13	
2018	8	20	1	52	56	12.75	17.56	12.81	14.94	
2018	8	20	1	54	57	12.88	17.56	12.81	15.06	
2018	8	20	1	56	58	13.00	17.75	13.31	15.25	
2018	8	20	1	58	59	12.56	17.62	12.81	14.81	
2018	8	20	2	0	59	13.31	17.81	13.13	15.44	
2018	8	20	2	3	0	13.56	17.87	13.50	15.63	
2018	8	20	2	5	1	13.25	18.12	13.69	15.69	
2018	8	20	2	7	1	13.69	18.12	13.69	15.63	
2018	8	20	2	9	2	12.81	17.87	13.06	15.06	
2018	8	20	2	11	3	13.63	18.00	13.50	15.69	
2018	8	20	2	13	4	13.19	18.12	13.69	15.38	
2018	8	20	2	15	4	13.81	17.62	13.81	15.56	
2018	8	20	2	17	5	13.19	17.06	13.00	14.94	
2018	8	20	2	19	6	12.06	16.56	12.19	13.88	
2018	8	20	2	21	6	12.00	16.19	11.75	13.50	
2018	8	20	2	23	7	12.88	16.00	12.25	14.06	
2018	8	20	2	25	8	12.56	15.88	12.19	13.44	
2018	8	20	2	27	8	11.81	15.63	11.63	12.69	
2018	8	20	2	29	9	12.25	15.38	11.63	13.31	
2018	8	20	2	31	10	12.13	15.25	11.50	13.50	
2018	8	20	2	33	11	11.75	15.06	11.31	12.50	
2018	8	20	2	35	11	12.25	14.94	11.19	12.75	
2018	8	20	2	37	12	12.69	14.88	11.50	13.00	
2018	8	20	2	39	13	12.38	14.81	11.69	13.00	
2018	8	20	2	41	13	12.31	14.75	11.31	12.69	
2018	8	20	2	43	14	11.69	14.56	11.13	12.31	
2018	8	20	2	45	15	11.75	14.50	11.00	12.19	
2018	8	20	2	47	16	10.88	14.38	10.81	11.81	
2018	8	20	2	49	16	12.19	14.25	11.06	13.00	
2018	8	20	2	51	17	12.44	14.38	11.63	12.81	
2018	8	20	2	53	18	11.69	14.25	11.06	12.19	
2018	8	20	2	55	18	12.69	14.25	11.75	13.44	
2018	8	20	2	57	19	13.00	14.31	11.81	12.94	
2018	8	20	2	59	20	12.50	14.25	11.56	12.50	
2018	8	20	3	1	21	11.88	14.13	11.13	12.69	
2018	8	20	3	3	22	11.63	14.00	11.06	12.06	
2018	8	20	3	5	23	10.94	13.88	10.81	11.44	
2018	8	20	3	7	24	12.19	13.88	11.06	12.63	
2018	8	20	3	9	24	12.13	13.81	10.69	11.94	
2018	8	20	3	11	25	11.88	13.81	11.25	12.50	
2018	8	20	3	13	26	11.88	13.75	11.00	11.94	
2018	8	20	3	15	26	11.81	13.69	10.81	11.69	
2018	8	20	3	17	27	12.63	13.63	11.00	12.50	
2018	8	20	3	19	28	11.63	13.63	11.19	12.19	
2018	8	20	3	21	29	12.56	13.63	11.13	12.19	
2018	8	20	3	23	30	11.38	13.56	10.88	11.63	
2018	8	20	3	25	31	11.56	13.50	10.88	11.75	
2018	8	20	3	27	32	11.69	13.44	10.69	11.75	
2018	8	20	3	29	32	10.94	13.38	10.50	11.31	
2018	8	20	3	31	33	11.75	13.31	10.56	12.00	
2018	8	20	3	33	34	11.13	13.31	10.63	11.50	
2018	8	20	3	35	34	11.19	13.25	10.50	11.38	
2018	8	20	3	37	35	10.69	13.13	10.38	11.25	
2018	8	20	3	39	36	10.50	13.13	10.25	11.13	
2018	8	20	3	41	37	10.69	13.00	10.13	11.13	
2018	8	20	3	43	37	10.88	12.94	10.19	11.19	
2018	8	20	3	45	38	10.25	12.94	10.06	10.94	
2018	8	20	3	47	39	10.06	12.81	10.06	10.81	
2018	8	20	3	49	39	10.38	12.81	10.19	11.00	
2018	8	20	3	51	40	10.06	12.75	10.00	10.69	
2018	8	20	3	53	41	10.31	12.69	10.00	11.06	
2018	8	20	3	55	42	10.69	12.75	10.13	10.94	
2018	8	20	3	57	43	10.44	12.69	10.06	10.94	
2018	8	20	3	59	44	10.50	12.63	9.81	10.88	
2018	8	20	4	1	45	10.00	12.56	9.81	10.63	
2018	8	20	4	3	45	9.75	12.50	9.75	10.63	
2018	8	20	4	5	46	9.69	12.50	9.69	10.44	
2018	8	20	4	7	47	10.31	12.38	9.69	10.88	
2018	8	20	4	9	47	10.88	12.44	10.00	11.06	
2018	8	20	4	11	48	10.00	12.44	9.88	10.75	
2018	8	20	4	13	49	10.31	12.44	10.00	10.75	
2018	8	20	4	15	50	9.94	12.38	10.00	11.00	
2018	8	20	4	17	50	11.19	12.44	10.31	11.31	
2018	8	20	4	19	51	10.81	12.44	10.06	10.94	
2018	8	20	4	21	52	10.19	12.38	9.94	10.75	
2018	8	20	4	23	52	10.88	12.31	10.00	11.31	
2018	8	20	4	25	53	11.00	12.38	10.13	11.06	
2018	8	20	4	27	54	11.19	12.38	10.25	11.19	
2018	8	20	4	29	55	10.81	12.38	10.06	10.81	
2018	8	20	4	31	56	10.94	12.38	10.13	10.81	
2018	8	20	4	33	57	11.94	12.38	10.69	12.13	
2018	8	20	4	35	58	11.25	12.38	10.44	11.06	
2018	8	20	4	37	58	10.50	12.38	10.13	10.69	
2018	8	20	4	39	59	9.88	12.25	9.75	10.31	
2018	8	20	4	42	0	10.19	12.19	9.69	10.63	
2018	8	20	4	44	0	10.00	12.13	9.69	10.31	
2018	8	20	4	46	1	11.31	12.13	9.81	11.25	
2018	8	20	4	48	2	10.00	12.13	9.69	10.56	
2018	8	20	4	50	3	10.94	12.13	9.94	11.06	
2018	8	20	4	52	3	10.88	12.13	10.06	10.88	
2018	8	20	4	54	4	11.00	12.19	10.25	11.00	
2018	8	20	4	56	5	10.13	12.13	9.88	10.50	
2018	8	20	4	58	5	11.06	12.06	9.81	10.81	
2018	8	20	5	0	6	11.69	12.19	10.31	11.44	
2018	8	20	5	2	7	10.38	12.13	10.06	10.69	
2018	8	20	5	4	8	11.38	12.13	10.00	10.94	
2018	8	20	5	6	8	11.69	12.13	10.19	11.06	
2018	8	20	5	8	9	10.25	12.13	9.88	10.38	
2018	8	20	5	10	10	10.94	12.06	10.00	10.69	
2018	8	20	5	12	10	9.88	12.00	9.69	10.38	
2018	8	20	5	14	11	10.00	11.94	9.56	10.44	
2018	8	20	5	16	12	10.31	11.94	9.69	10.69	
2018	8	20	5	18	13	10.31	11.94	9.63	10.38	
2018	8	20	5	20	14	9.88	11.88	9.63	10.31	
2018	8	20	5	22	15	11.38	11.94	10.13	11.38	
2018	8	20	5	24	16	11.06	11.94	10.00	10.63	
2018	8	20	5	26	16	9.69	11.88	9.63	10.06	
2018	8	20	5	28	17	10.00	11.81	9.44	10.31	
2018	8	20	5	30	18	10.50	11.75	9.56	10.63	
2018	8	20	5	32	18	11.19	11.81	10.31	11.69	
2018	8	20	5	34	19	10.88	11.88	10.06	10.56	
2018	8	20	5	36	20	9.75	11.81	9.69	10.19	
2018	8	20	5	38	21	9.44	11.75	9.38	10.00	
2018	8	20	5	40	21	10.13	11.63	9.38	10.38	
2018	8	20	5	42	22	9.38	11.63	9.31	10.13	
2018	8	20	5	44	23	9.69	11.56	9.19	10.06	
2018	8	20	5	46	23	9.25	11.56	9.19	9.88	
2018	8	20	5	48	24	9.19	11.50	9.13	10.00	
2018	8	20	5	50	25	9.31	11.44	9.19	10.06	
2018	8	20	5	52	26	9.13	11.44	9.19	9.88	
2018	8	20	5	54	26	10.00	11.38	9.25	10.44	
2018	8	20	5	56	27	9.81	11.44	9.38	10.19	
2018	8	20	5	58	28	9.31	11.44	9.25	10.00	
2018	8	20	6	0	28	9.94	11.38	9.31	10.25	
2018	8	20	6	2	29	10.31	11.44	9.38	10.44	
2018	8	20	6	4	30	10.31	11.44	9.50	10.25	
2018	8	20	6	6	31	9.75	11.44	9.38	10.00	
2018	8	20	6	8	32	10.25	11.44	9.50	10.19	
2018	8	20	6	10	33	9.31	11.38	9.25	9.88	
2018	8	20	6	12	34	9.75	11.38	9.19	10.06	
2018	8	20	6	14	34	9.69	11.31	9.19	9.75	
2018	8	20	6	16	35	10.13	11.31	9.19	10.31	
2018	8	20	6	18	36	9.19	11.25	9.06	9.50	
2018	8	20	6	20	36	9.06	11.19	9.00	9.75	
2018	8	20	6	22	37	8.94	11.19	8.81	9.63	
2018	8	20	6	24	38	8.88	11.13	8.88	9.63	
2018	8	20	6	26	39	8.81	11.13	8.81	9.50	
2018	8	20	6	28	39	9.00	11.06	8.88	9.63	
2018	8	20	6	30	40	9.63	11.06	9.00	10.13	
2018	8	20	6	32	41	9.00	11.06	8.94	9.75	
2018	8	20	6	34	41	9.00	11.00	8.88	9.75	
2018	8	20	6	36	42	8.94	11.00	8.81	9.75	
2018	8	20	6	38	43	8.88	10.94	8.81	9.56	
2018	8	20	6	40	44	8.94	10.94	8.88	9.69	
2018	8	20	6	42	44	8.81	10.88	8.81	9.50	
2018	8	20	6	44	45	9.13	10.94	8.81	9.69	
2018	8	20	6	46	46	9.63	10.94	8.94	9.50	
2018	8	20	6	48	46	9.38	10.94	9.06	9.75	
2018	8	20	6	50	47	9.19	10.94	8.88	9.69	
2018	8	20	6	52	48	8.81	10.88	8.81	9.50	
2018	8	20	6	54	49	8.88	10.88	8.75	9.44	
2018	8	20	6	56	50	8.75	10.81	8.75	9.25	
2018	8	20	6	58	51	8.69	10.81	8.69	9.50	
2018	8	20	7	0	52	8.50	10.75	8.63	9.25	
2018	8	20	7	2	52	8.50	10.69	8.69	9.19	
2018	8	20	7	4	53	8.44	10.69	8.63	9.13	
2018	8	20	7	6	54	8.56	10.63	8.63	9.25	
2018	8	20	7	8	54	8.56	10.69	8.56	9.38	
2018	8	20	7	10	55	8.63	10.69	8.56	9.38	
2018	8	20	7	12	56	8.81	10.63	8.63	9.38	
2018	8	20	7	14	57	8.69	10.63	8.56	9.38	
2018	8	20	7	16	57	8.75	10.63	8.69	9.44	
2018	8	20	7	18	58	8.63	10.63	8.63	9.38	
2018	8	20	7	20	59	8.56	10.63	8.56	9.19	
2018	8	20	7	22	59	8.94	10.56	8.69	9.63	
2018	8	20	7	25	0	8.63	10.56	8.63	9.25	
2018	8	20	7	27	1	8.88	10.56	8.56	9.38	
2018	8	20	7	29	2	9.13	10.56	8.69	9.56	
2018	8	20	7	31	2	8.69	10.50	8.56	9.44	
2018	8	20	7	33	3	8.81	10.50	8.63	9.31	
2018	8	20	7	35	4	8.63	10.50	8.56	9.25	
2018	8	20	7	37	4	9.06	10.50	8.75	9.56	
2018	8	20	7	39	5	9.00	10.50	8.69	9.44	
2018	8	20	7	41	6	9.13	10.50	8.69	9.75	
2018	8	20	7	43	7	9.00	10.50	8.69	9.38	
2018	8	20	7	45	7	9.38	10.56	8.81	9.44	
2018	8	20	7	47	8	9.63	10.63	8.94	9.63	
2018	8	20	7	49	9	10.06	10.69	9.31	10.06	
2018	8	20	7	51	9	10.06	10.75	9.31	10.13	
2018	8	20	7	53	10	10.06	10.75	9.31	9.94	
2018	8	20	7	55	11	9.88	10.75	9.19	9.75	
2018	8	20	7	57	12	10.31	10.69	9.13	9.75	
2018	8	20	7	59	12	9.69	10.75	9.13	9.69	
2018	8	20	8	1	13	9.56	10.75	9.19	9.69	
2018	8	20	8	3	14	10.44	10.75	9.38	10.13	
2018	8	20	8	5	14	9.75	10.75	9.25	9.63	
2018	8	20	8	7	15	10.00	10.75	9.19	9.88	
2018	8	20	8	9	16	10.25	10.75	9.38	9.94	
2018	8	20	8	11	17	10.25	10.81	9.44	9.81	
2018	8	20	8	13	18	10.50	10.81	10.00	10.44	
2018	8	20	8	15	19	10.25	10.88	9.69	10.50	
2018	8	20	8	17	20	11.06	11.06	10.88	11.31	
2018	8	20	8	19	20	10.94	11.25	10.50	10.69	
2018	8	20	8	21	21	11.44	11.25	10.44	10.69	
2018	8	20	8	23	22	11.31	11.38	10.81	11.44	
2018	8	20	8	25	22	11.88	11.38	10.81	11.19	
2018	8	20	8	27	23	11.06	11.38	10.13	10.44	
2018	8	20	8	29	24	11.94	11.44	10.56	10.94	
2018	8	20	8	31	25	11.13	11.50	10.38	10.75	
2018	8	20	8	33	25	10.31	11.44	10.00	10.31	
2018	8	20	8	35	26	9.69	11.38	9.69	9.94	
2018	8	20	8	37	27	10.38	11.25	9.88	10.44	
2018	8	20	8	39	27	11.63	11.56	11.50	13.00	
2018	8	20	8	41	28	11.19	11.81	11.00	11.19	
2018	8	20	8	43	29	10.56	11.88	10.50	10.88	
2018	8	20	8	45	30	10.63	11.94	10.50	10.69	
2018	8	20	8	47	30	10.13	11.81	10.13	10.63	
2018	8	20	8	49	31	10.38	11.69	10.06	10.38	
2018	8	20	8	51	32	10.31	11.69	10.00	10.50	
2018	8	20	8	53	32	11.13	11.81	10.69	11.13	
2018	8	20	8	55	33	11.25	12.00	10.81	11.00	
2018	8	20	8	57	34	10.75	12.00	10.50	10.50	
2018	8	20	8	59	35	10.44	11.94	10.44	10.56	
2018	8	20	9	1	35	11.88	12.06	11.38	11.50	
2018	8	20	9	3	36	12.31	12.31	11.88	11.63	
2018	8	20	9	5	37	12.63	12.50	11.94	11.69	
2018	8	20	9	7	37	12.69	12.56	12.00	11.81	
2018	8	20	9	9	38	12.81	12.69	12.19	11.88	
2018	8	20	9	11	39	12.13	12.75	11.75	11.38	
2018	8	20	9	13	40	11.81	12.63	11.38	11.19	
2018	8	20	9	15	41	11.88	12.69	11.38	11.13	
2018	8	20	9	17	42	12.06	12.75	11.56	11.31	
2018	8	20	9	19	43	12.63	12.81	11.81	11.63	
2018	8	20	9	21	43	13.13	12.81	12.06	11.81	
2018	8	20	9	23	44	13.63	13.00	12.50	12.13	
2018	8	20	9	25	45	13.94	13.13	12.75	12.13	
2018	8	20	9	27	46	14.13	13.19	12.88	12.13	
2018	8	20	9	29	47	13.94	13.25	13.13	12.31	
2018	8	20	9	31	48	14.44	13.38	13.56	12.56	
2018	8	20	9	33	49	14.88	13.44	13.81	12.75	
2018	8	20	9	35	49	16.12	13.56	15.06	13.94	
2018	8	20	9	37	50	17.00	13.69	16.00	15.00	
2018	8	20	9	39	51	16.25	13.75	15.44	14.19	
2018	8	20	9	41	51	16.50	13.88	15.88	14.50	
2018	8	20	9	43	52	16.87	13.94	16.56	15.25	
2018	8	20	9	45	53	16.87	14.06	16.81	15.75	
2018	8	20	9	47	54	17.19	14.13	17.12	15.81	
2018	8	20	9	49	55	17.62	14.25	16.44	16.00	
2018	8	20	9	51	56	18.69	14.38	16.69	17.12	
2018	8	20	9	53	57	19.31	14.56	17.62	17.69	
2018	8	20	9	55	57	20.19	14.81	18.62	17.81	
2018	8	20	9	57	58	20.25	15.06	19.44	18.19	
2018	8	20	9	59	59	21.19	15.31	19.81	18.75	
2018	8	20	10	1	59	21.44	15.56	20.25	19.75	
2018	8	20	10	5	26	22.25	16.44	20.19	20.25	
2018	8	20	10	7	26	22.19	16.44	20.06	19.94	
2018	8	20	10	9	27	21.31	16.31	20.06	20.19	
2018	8	20	10	11	28	21.37	16.37	20.31	20.44	
2018	8	20	10	13	29	21.75	16.44	20.25	20.75	
2018	8	20	10	15	30	21.31	16.50	20.56	20.50	
2018	8	20	10	17	31	21.75	16.69	20.50	20.75	
2018	8	20	10	19	32	21.56	16.75	20.81	20.56	
2018	8	20	10	21	32	22.00	16.81	20.56	21.06	
2018	8	20	10	23	33	21.06	16.87	21.00	21.31	
2018	8	20	10	25	34	22.25	17.00	21.00	20.94	
2018	8	20	10	27	34	22.75	17.12	21.19	21.37	
2018	8	20	10	29	35	22.50	17.19	21.25	21.56	
2018	8	20	10	31	36	23.00	17.31	21.00	21.37	
2018	8	20	10	33	37	23.06	17.44	21.12	21.62	
2018	8	20	10	35	37	23.19	17.56	21.50	21.75	
2018	8	20	10	37	38	23.31	17.62	22.00	22.00	
2018	8	20	10	39	39	24.19	17.81	22.12	22.75	
2018	8	20	10	41	39	24.44	18.00	22.00	23.19	
2018	8	20	10	43	40	24.31	18.12	22.06	22.94	
2018	8	20	10	45	41	22.94	18.12	21.56	21.69	
2018	8	20	10	47	41	22.94	18.00	21.19	21.31	
2018	8	20	10	49	42	22.37	18.06	21.31	21.25	
2018	8	20	10	51	43	22.00	18.00	20.87	20.69	
2018	8	20	10	53	44	21.44	17.94	20.50	20.19	
2018	8	20	10	55	45	20.69	17.94	19.94	19.56	
2018	8	20	10	57	46	19.94	17.87	18.69	18.81	
2018	8	20	10	59	47	20.06	17.87	18.19	18.19	
2018	8	20	11	1	47	20.69	17.81	18.06	17.94	
2018	8	20	11	3	48	21.06	17.87	17.62	17.44	
2018	8	20	11	5	49	21.25	17.94	17.50	17.25	
2018	8	20	11	7	49	21.37	17.94	17.62	17.31	
