Year	Month	Day	Hour	Minute	Second	Temperatures (C)
2018	8	19	18	6	3	16.31	20.50	16.75	18.62	
2018	8	19	18	8	4	17.06	20.44	17.44	19.12	
2018	8	19	18	10	5	16.19	20.12	16.62	18.37	
2018	8	19	18	12	5	15.81	20.00	16.25	18.06	
2018	8	19	18	14	6	15.56	19.87	16.06	17.81	
2018	8	19	18	16	7	15.50	19.81	15.88	17.75	
2018	8	19	18	18	7	15.44	19.75	15.81	17.81	
2018	8	19	18	20	8	15.38	19.75	15.75	17.69	
2018	8	19	18	22	9	15.50	19.87	15.75	17.62	
2018	8	19	18	24	10	16.19	19.87	16.06	18.12	
2018	8	19	18	26	11	15.94	19.87	16.12	17.87	
2018	8	19	18	28	12	15.69	19.87	15.81	17.62	
2018	8	19	18	30	13	15.31	19.87	15.69	17.62	
2018	8	19	18	32	13	15.44	19.81	15.69	17.31	
2018	8	19	18	34	14	15.88	20.00	15.88	17.75	
2018	8	19	18	36	15	16.62	20.44	16.94	19.00	
2018	8	19	18	38	15	16.25	20.44	16.50	18.06	
2018	8	19	18	40	16	15.94	20.31	16.06	17.62	
2018	8	19	18	42	17	15.44	20.25	15.44	16.87	
2018	8	19	18	44	18	15.56	20.19	15.56	17.31	
2018	8	19	18	46	18	15.69	20.25	15.75	17.44	
2018	8	19	18	48	19	15.56	20.12	15.56	17.37	
2018	8	19	18	50	20	15.88	20.25	15.81	17.56	
2018	8	19	18	52	20	15.69	20.50	15.94	17.69	
2018	8	19	18	54	21	15.81	20.44	15.88	17.75	
2018	8	19	18	56	22	15.44	20.37	15.81	17.69	
2018	8	19	18	58	23	15.63	20.44	15.75	17.75	
2018	8	19	19	0	24	15.38	20.31	15.50	17.50	
2018	8	19	19	2	25	15.44	20.31	15.63	17.62	
2018	8	19	19	4	26	15.19	20.31	15.19	17.25	
2018	8	19	19	6	26	15.25	20.31	15.56	17.44	
2018	8	19	19	8	27	15.00	20.12	15.25	17.19	
2018	8	19	19	10	28	14.94	20.06	15.13	17.25	
2018	8	19	19	12	28	15.06	20.00	15.06	17.00	
2018	8	19	19	14	29	14.63	19.87	14.75	17.00	
2018	8	19	19	16	30	15.19	19.62	14.81	16.94	
2018	8	19	19	18	31	15.31	19.94	15.25	17.31	
2018	8	19	19	20	31	15.06	20.06	15.13	17.19	
2018	8	19	19	22	32	15.19	20.06	15.19	17.44	
2018	8	19	19	24	33	15.25	20.19	15.19	17.31	
2018	8	19	19	26	33	15.06	20.12	15.25	17.37	
2018	8	19	19	28	34	15.19	20.19	15.44	17.44	
2018	8	19	19	30	35	15.38	20.19	15.25	17.31	
2018	8	19	19	32	36	15.13	19.94	15.06	17.19	
2018	8	19	19	34	37	14.75	19.87	14.81	16.94	
2018	8	19	19	36	38	14.44	19.69	14.63	16.87	
2018	8	19	19	38	39	14.88	19.75	14.63	16.81	
2018	8	19	19	40	39	14.69	19.75	14.75	16.87	
2018	8	19	19	42	40	14.44	19.69	14.69	16.87	
2018	8	19	19	44	41	14.94	19.75	14.94	17.19	
2018	8	19	19	46	41	15.13	19.81	15.13	17.12	
2018	8	19	19	48	42	14.81	19.75	14.81	16.94	
2018	8	19	19	50	43	14.38	19.56	14.75	16.62	
2018	8	19	19	52	44	15.19	19.69	15.19	17.31	
2018	8	19	19	54	44	14.44	19.56	14.69	16.44	
2018	8	19	19	56	45	15.13	19.44	14.94	16.87	
2018	8	19	19	58	46	14.56	19.44	14.75	16.56	
2018	8	19	20	0	46	14.81	19.25	14.69	16.75	
2018	8	19	20	2	47	14.25	19.25	14.50	16.37	
2018	8	19	20	4	48	14.19	19.12	14.19	16.37	
2018	8	19	20	6	49	14.06	19.19	14.38	17.06	
2018	8	19	20	8	50	14.69	19.25	14.88	16.94	
2018	8	19	20	10	51	14.25	19.12	14.50	16.25	
2018	8	19	20	12	52	14.06	19.06	14.25	16.56	
2018	8	19	20	14	52	14.63	19.12	14.63	16.75	
2018	8	19	20	16	53	14.44	18.94	14.50	16.31	
2018	8	19	20	18	54	14.00	18.81	14.13	15.94	
2018	8	19	20	20	54	13.94	18.75	14.13	15.63	
2018	8	19	20	22	55	14.31	18.75	14.81	16.75	
2018	8	19	20	24	56	14.00	18.62	14.19	16.12	
2018	8	19	20	26	57	13.81	18.62	14.00	16.06	
2018	8	19	20	28	57	13.88	18.62	14.13	16.12	
2018	8	19	20	30	58	13.81	18.62	13.94	15.94	
2018	8	19	20	32	59	13.81	18.56	14.06	15.88	
2018	8	19	20	34	59	13.75	18.56	13.94	16.00	
2018	8	19	20	37	0	14.06	18.62	14.06	15.69	
2018	8	19	20	39	1	14.25	18.75	14.31	16.25	
2018	8	19	20	41	2	14.13	18.75	14.13	16.06	
2018	8	19	20	43	3	13.88	18.69	14.13	16.25	
2018	8	19	20	45	4	13.75	18.56	14.00	15.88	
2018	8	19	20	47	5	13.69	18.56	13.88	15.75	
2018	8	19	20	49	5	13.75	18.44	13.81	16.00	
2018	8	19	20	51	6	14.31	18.75	14.19	16.31	
2018	8	19	20	53	7	14.06	18.62	14.13	16.31	
2018	8	19	20	55	7	13.81	18.56	13.88	16.06	
2018	8	19	20	57	8	13.63	18.50	13.75	15.63	
2018	8	19	20	59	9	13.44	18.31	13.69	15.81	
2018	8	19	21	1	10	13.38	18.25	13.44	15.31	
2018	8	19	21	3	10	13.44	18.25	13.56	15.69	
2018	8	19	21	5	11	13.63	18.19	13.50	15.31	
2018	8	19	21	7	12	13.44	18.25	13.56	15.75	
2018	8	19	21	9	12	13.25	18.19	13.38	15.75	
2018	8	19	21	11	13	13.19	18.12	13.38	15.50	
2018	8	19	21	13	14	13.00	18.00	13.06	14.75	
2018	8	19	21	15	14	13.13	17.87	13.25	15.31	
2018	8	19	21	17	15	13.19	18.12	13.31	15.56	
2018	8	19	21	19	16	13.31	18.12	13.38	15.56	
2018	8	19	21	21	17	13.44	18.19	13.56	15.75	
2018	8	19	21	23	17	13.25	18.06	13.38	15.50	
2018	8	19	21	25	18	13.19	18.00	13.31	15.44	
2018	8	19	21	27	19	13.25	17.94	13.38	15.50	
2018	8	19	21	29	19	13.13	17.94	13.19	15.31	
2018	8	19	21	31	20	13.13	17.94	13.19	15.31	
2018	8	19	21	33	21	13.00	18.00	13.13	15.44	
2018	8	19	21	35	22	13.69	18.25	13.69	16.00	
2018	8	19	21	37	23	13.38	18.25	13.56	15.56	
2018	8	19	21	39	24	13.44	18.12	13.44	15.50	
2018	8	19	21	41	25	13.44	18.19	13.69	15.63	
2018	8	19	21	43	25	13.69	18.19	13.50	15.50	
2018	8	19	21	45	26	13.31	18.12	13.63	15.44	
2018	8	19	21	47	27	13.19	18.06	13.38	15.38	
2018	8	19	21	49	27	13.31	18.12	13.44	15.81	
2018	8	19	21	51	28	13.94	18.19	13.94	16.00	
2018	8	19	21	53	29	14.06	18.37	14.06	15.94	
2018	8	19	21	55	30	13.63	18.31	13.81	15.81	
2018	8	19	21	57	30	13.38	18.12	13.56	15.50	
2018	8	19	21	59	31	13.56	18.06	13.50	15.63	
2018	8	19	22	1	32	13.25	18.12	13.50	15.56	
2018	8	19	22	3	32	13.56	18.06	13.50	15.75	
2018	8	19	22	5	33	13.31	18.12	13.50	15.63	
2018	8	19	22	7	34	13.25	18.06	13.44	15.50	
2018	8	19	22	9	34	13.75	18.12	13.75	15.88	
2018	8	19	22	11	35	13.94	18.31	14.00	16.06	
2018	8	19	22	13	36	14.06	18.44	14.38	16.12	
2018	8	19	22	15	37	14.06	18.50	14.25	16.12	
2018	8	19	22	17	37	14.00	18.62	14.50	16.31	
2018	8	19	22	19	38	13.94	18.44	14.25	16.12	
2018	8	19	22	21	39	14.00	18.37	14.00	16.00	
2018	8	19	22	23	39	14.06	18.44	14.19	16.25	
2018	8	19	22	25	40	13.88	18.69	14.31	16.25	
2018	8	19	22	27	41	14.06	18.69	14.31	16.19	
2018	8	19	22	29	41	13.88	18.69	14.31	16.00	
2018	8	19	22	31	42	13.75	18.56	14.00	15.94	
2018	8	19	22	33	43	13.88	18.50	13.88	16.00	
2018	8	19	22	35	44	13.50	18.37	13.63	15.63	
2018	8	19	22	37	44	13.56	18.37	13.69	15.75	
2018	8	19	22	39	45	13.88	18.62	14.19	16.19	
2018	8	19	22	41	46	14.06	18.81	14.50	16.25	
2018	8	19	22	43	46	13.94	18.62	14.00	15.94	
2018	8	19	22	45	47	14.06	18.44	13.88	15.88	
2018	8	19	22	47	48	13.31	18.37	13.56	15.69	
2018	8	19	22	49	48	13.25	18.25	13.44	15.50	
2018	8	19	22	51	49	13.44	18.25	13.56	15.63	
2018	8	19	22	53	50	13.75	18.44	13.94	16.06	
2018	8	19	22	55	51	13.44	18.31	13.69	15.63	
2018	8	19	22	57	51	13.56	18.25	13.56	15.56	
2018	8	19	22	59	52	13.81	18.19	13.69	15.69	
2018	8	19	23	1	53	13.56	18.19	13.50	15.75	
2018	8	19	23	3	53	14.06	18.37	14.06	16.06	
2018	8	19	23	5	54	13.63	18.44	13.88	15.75	
2018	8	19	23	7	55	13.88	18.37	13.88	16.00	
2018	8	19	23	9	56	13.25	18.31	13.50	15.56	
2018	8	19	23	11	57	13.63	18.44	13.88	15.81	
2018	8	19	23	13	58	13.63	18.31	13.63	15.38	
2018	8	19	23	15	59	13.63	18.19	13.69	15.63	
2018	8	19	23	17	59	13.44	18.25	13.44	15.56	
2018	8	19	23	20	0	13.13	18.19	13.38	15.50	
2018	8	19	23	22	1	13.44	18.25	13.81	15.75	
2018	8	19	23	24	1	13.56	18.25	13.63	15.63	
2018	8	19	23	26	2	13.13	18.19	13.31	15.38	
2018	8	19	23	28	3	13.50	18.12	13.38	15.50	
2018	8	19	23	30	4	13.81	18.25	13.69	15.56	
2018	8	19	23	32	5	13.56	18.31	13.81	15.56	
2018	8	19	23	34	6	13.69	18.31	13.69	15.56	
2018	8	19	23	36	7	13.75	18.37	13.69	15.75	
2018	8	19	23	38	7	13.44	18.31	13.81	15.81	
2018	8	19	23	40	8	14.00	18.37	13.94	15.94	
2018	8	19	23	42	9	13.88	18.44	13.88	15.75	
2018	8	19	23	44	9	13.94	18.37	13.81	15.94	
2018	8	19	23	46	10	13.69	18.37	13.75	15.69	
2018	8	19	23	48	11	13.50	18.19	13.63	15.38	
2018	8	19	23	50	12	13.44	18.31	13.56	15.50	
2018	8	19	23	52	12	13.94	18.12	13.50	15.13	
2018	8	19	23	54	13	13.75	18.19	13.63	15.31	
2018	8	19	23	56	14	13.63	18.12	13.56	15.38	
2018	8	19	23	58	14	13.44	18.00	13.56	15.56	
2018	8	20	0	0	15	13.69	18.12	13.56	15.44	
2018	8	20	0	2	16	13.44	17.94	13.25	15.19	
2018	8	20	0	4	16	13.81	18.00	13.56	15.50	
2018	8	20	0	6	17	13.56	18.25	13.88	15.75	
2018	8	20	0	8	18	13.50	18.25	13.69	15.25	
2018	8	20	0	10	19	13.44	18.00	13.44	15.19	
2018	8	20	0	12	19	13.19	18.00	13.31	15.25	
2018	8	20	0	14	20	13.31	18.12	13.44	15.38	
2018	8	20	0	16	21	13.06	18.00	13.25	15.00	
2018	8	20	0	18	21	12.81	17.81	13.00	15.00	
2018	8	20	0	20	22	13.38	17.81	13.13	15.25	
2018	8	20	0	22	23	13.38	17.94	13.25	14.88	
2018	8	20	0	24	23	13.31	17.81	13.13	15.06	
2018	8	20	0	26	24	13.13	17.75	13.19	15.25	
2018	8	20	0	28	25	13.38	17.87	13.31	15.44	
2018	8	20	0	30	26	13.63	17.94	13.50	15.63	
2018	8	20	0	32	26	13.56	18.00	13.50	15.50	
2018	8	20	0	34	27	13.75	18.12	13.75	15.81	
2018	8	20	0	36	28	13.38	18.12	13.50	15.44	
2018	8	20	0	38	28	13.69	18.00	13.38	15.31	
2018	8	20	0	40	29	13.81	18.06	13.56	15.56	
2018	8	20	0	42	30	13.06	18.00	13.25	15.06	
2018	8	20	0	44	31	13.19	17.81	13.06	15.00	
2018	8	20	0	46	32	13.06	17.69	13.06	15.00	
2018	8	20	0	48	33	13.00	17.69	13.06	15.13	
2018	8	20	0	50	34	13.31	17.75	13.25	15.19	
2018	8	20	0	52	34	12.94	17.75	12.88	14.94	
2018	8	20	0	54	35	13.25	17.87	13.38	15.38	
2018	8	20	0	56	36	13.25	17.87	13.31	15.13	
2018	8	20	0	58	36	13.25	17.75	13.13	15.25	
2018	8	20	1	0	37	12.94	17.69	13.06	14.88	
2018	8	20	1	2	38	12.75	17.56	12.88	14.88	
2018	8	20	1	4	39	13.00	17.50	12.81	15.06	
2018	8	20	1	6	39	13.38	17.94	13.44	15.63	
2018	8	20	1	8	40	13.13	17.81	13.31	15.06	
2018	8	20	1	10	41	13.38	17.75	13.31	15.19	
2018	8	20	1	12	41	13.06	17.62	13.06	14.75	
2018	8	20	1	14	42	13.13	17.62	13.06	14.94	
2018	8	20	1	16	43	13.25	17.69	12.94	15.00	
2018	8	20	1	18	44	12.56	17.62	12.69	14.81	
2018	8	20	1	20	45	12.31	17.44	12.63	14.63	
2018	8	20	1	22	46	12.88	17.44	12.94	14.88	
2018	8	20	1	24	47	12.44	17.44	12.63	14.63	
2018	8	20	1	26	47	12.63	17.37	12.63	14.81	
2018	8	20	1	28	48	12.81	17.44	12.81	14.75	
2018	8	20	1	30	49	12.69	17.44	12.75	14.81	
2018	8	20	1	32	49	13.25	17.50	13.19	15.13	
2018	8	20	1	34	50	13.06	17.56	13.06	14.88	
2018	8	20	1	36	51	13.13	17.50	13.00	15.00	
2018	8	20	1	38	52	12.50	17.56	12.75	14.69	
2018	8	20	1	40	52	13.06	17.44	12.88	14.75	
2018	8	20	1	42	53	12.63	17.44	12.75	14.81	
2018	8	20	1	44	54	12.50	17.44	12.69	14.63	
2018	8	20	1	46	54	13.06	17.50	13.00	15.06	
2018	8	20	1	48	55	12.50	17.50	12.56	14.94	
2018	8	20	1	50	56	13.06	17.56	13.13	15.13	
2018	8	20	1	52	56	12.75	17.56	12.81	14.94	
2018	8	20	1	54	57	12.88	17.56	12.81	15.06	
2018	8	20	1	56	58	13.00	17.75	13.31	15.25	
2018	8	20	1	58	59	12.56	17.62	12.81	14.81	
2018	8	20	2	0	59	13.31	17.81	13.13	15.44	
2018	8	20	2	3	0	13.56	17.87	13.50	15.63	
2018	8	20	2	5	1	13.25	18.12	13.69	15.69	
2018	8	20	2	7	1	13.69	18.12	13.69	15.63	
2018	8	20	2	9	2	12.81	17.87	13.06	15.06	
2018	8	20	2	11	3	13.63	18.00	13.50	15.69	
2018	8	20	2	13	4	13.19	18.12	13.69	15.38	
2018	8	20	2	15	4	13.81	17.62	13.81	15.56	
2018	8	20	2	17	5	13.19	17.06	13.00	14.94	
2018	8	20	2	19	6	12.06	16.56	12.19	13.88	
2018	8	20	2	21	6	12.00	16.19	11.75	13.50	
2018	8	20	2	23	7	12.88	16.00	12.25	14.06	
2018	8	20	2	25	8	12.56	15.88	12.19	13.44	
2018	8	20	2	27	8	11.81	15.63	11.63	12.69	
2018	8	20	2	29	9	12.25	15.38	11.63	13.31	
2018	8	20	2	31	10	12.13	15.25	11.50	13.50	
2018	8	20	2	33	11	11.75	15.06	11.31	12.50	
2018	8	20	2	35	11	12.25	14.94	11.19	12.75	
2018	8	20	2	37	12	12.69	14.88	11.50	13.00	
2018	8	20	2	39	13	12.38	14.81	11.69	13.00	
2018	8	20	2	41	13	12.31	14.75	11.31	12.69	
2018	8	20	2	43	14	11.69	14.56	11.13	12.31	
2018	8	20	2	45	15	11.75	14.50	11.00	12.19	
2018	8	20	2	47	16	10.88	14.38	10.81	11.81	
2018	8	20	2	49	16	12.19	14.25	11.06	13.00	
2018	8	20	2	51	17	12.44	14.38	11.63	12.81	
2018	8	20	2	53	18	11.69	14.25	11.06	12.19	
2018	8	20	2	55	18	12.69	14.25	11.75	13.44	
2018	8	20	2	57	19	13.00	14.31	11.81	12.94	
2018	8	20	2	59	20	12.50	14.25	11.56	12.50	
2018	8	20	3	1	21	11.88	14.13	11.13	12.69	
2018	8	20	3	3	22	11.63	14.00	11.06	12.06	
2018	8	20	3	5	23	10.94	13.88	10.81	11.44	
2018	8	20	3	7	24	12.19	13.88	11.06	12.63	
2018	8	20	3	9	24	12.13	13.81	10.69	11.94	
2018	8	20	3	11	25	11.88	13.81	11.25	12.50	
2018	8	20	3	13	26	11.88	13.75	11.00	11.94	
2018	8	20	3	15	26	11.81	13.69	10.81	11.69	
2018	8	20	3	17	27	12.63	13.63	11.00	12.50	
2018	8	20	3	19	28	11.63	13.63	11.19	12.19	
2018	8	20	3	21	29	12.56	13.63	11.13	12.19	
2018	8	20	3	23	30	11.38	13.56	10.88	11.63	
2018	8	20	3	25	31	11.56	13.50	10.88	11.75	
2018	8	20	3	27	32	11.69	13.44	10.69	11.75	
2018	8	20	3	29	32	10.94	13.38	10.50	11.31	
2018	8	20	3	31	33	11.75	13.31	10.56	12.00	
2018	8	20	3	33	34	11.13	13.31	10.63	11.50	
2018	8	20	3	35	34	11.19	13.25	10.50	11.38	
2018	8	20	3	37	35	10.69	13.13	10.38	11.25	
2018	8	20	3	39	36	10.50	13.13	10.25	11.13	
2018	8	20	3	41	37	10.69	13.00	10.13	11.13	
2018	8	20	3	43	37	10.88	12.94	10.19	11.19	
2018	8	20	3	45	38	10.25	12.94	10.06	10.94	
2018	8	20	3	47	39	10.06	12.81	10.06	10.81	
2018	8	20	3	49	39	10.38	12.81	10.19	11.00	
2018	8	20	3	51	40	10.06	12.75	10.00	10.69	
2018	8	20	3	53	41	10.31	12.69	10.00	11.06	
2018	8	20	3	55	42	10.69	12.75	10.13	10.94	
2018	8	20	3	57	43	10.44	12.69	10.06	10.94	
2018	8	20	3	59	44	10.50	12.63	9.81	10.88	
2018	8	20	4	1	45	10.00	12.56	9.81	10.63	
2018	8	20	4	3	45	9.75	12.50	9.75	10.63	
2018	8	20	4	5	46	9.69	12.50	9.69	10.44	
2018	8	20	4	7	47	10.31	12.38	9.69	10.88	
2018	8	20	4	9	47	10.88	12.44	10.00	11.06	
2018	8	20	4	11	48	10.00	12.44	9.88	10.75	
2018	8	20	4	13	49	10.31	12.44	10.00	10.75	
2018	8	20	4	15	50	9.94	12.38	10.00	11.00	
2018	8	20	4	17	50	11.19	12.44	10.31	11.31	
2018	8	20	4	19	51	10.81	12.44	10.06	10.94	
2018	8	20	4	21	52	10.19	12.38	9.94	10.75	
2018	8	20	4	23	52	10.88	12.31	10.00	11.31	
2018	8	20	4	25	53	11.00	12.38	10.13	11.06	
2018	8	20	4	27	54	11.19	12.38	10.25	11.19	
2018	8	20	4	29	55	10.81	12.38	10.06	10.81	
2018	8	20	4	31	56	10.94	12.38	10.13	10.81	
2018	8	20	4	33	57	11.94	12.38	10.69	12.13	
2018	8	20	4	35	58	11.25	12.38	10.44	11.06	
2018	8	20	4	37	58	10.50	12.38	10.13	10.69	
2018	8	20	4	39	59	9.88	12.25	9.75	10.31	
2018	8	20	4	42	0	10.19	12.19	9.69	10.63	
2018	8	20	4	44	0	10.00	12.13	9.69	10.31	
2018	8	20	4	46	1	11.31	12.13	9.81	11.25	
2018	8	20	4	48	2	10.00	12.13	9.69	10.56	
2018	8	20	4	50	3	10.94	12.13	9.94	11.06	
2018	8	20	4	52	3	10.88	12.13	10.06	10.88	
2018	8	20	4	54	4	11.00	12.19	10.25	11.00	
2018	8	20	4	56	5	10.13	12.13	9.88	10.50	
2018	8	20	4	58	5	11.06	12.06	9.81	10.81	
2018	8	20	5	0	6	11.69	12.19	10.31	11.44	
2018	8	20	5	2	7	10.38	12.13	10.06	10.69	
2018	8	20	5	4	8	11.38	12.13	10.00	10.94	
2018	8	20	5	6	8	11.69	12.13	10.19	11.06	
2018	8	20	5	8	9	10.25	12.13	9.88	10.38	
2018	8	20	5	10	10	10.94	12.06	10.00	10.69	
2018	8	20	5	12	10	9.88	12.00	9.69	10.38	
2018	8	20	5	14	11	10.00	11.94	9.56	10.44	
2018	8	20	5	16	12	10.31	11.94	9.69	10.69	
2018	8	20	5	18	13	10.31	11.94	9.63	10.38	
2018	8	20	5	20	14	9.88	11.88	9.63	10.31	
2018	8	20	5	22	15	11.38	11.94	10.13	11.38	
2018	8	20	5	24	16	11.06	11.94	10.00	10.63	
2018	8	20	5	26	16	9.69	11.88	9.63	10.06	
2018	8	20	5	28	17	10.00	11.81	9.44	10.31	
2018	8	20	5	30	18	10.50	11.75	9.56	10.63	
2018	8	20	5	32	18	11.19	11.81	10.31	11.69	
2018	8	20	5	34	19	10.88	11.88	10.06	10.56	
2018	8	20	5	36	20	9.75	11.81	9.69	10.19	
2018	8	20	5	38	21	9.44	11.75	9.38	10.00	
2018	8	20	5	40	21	10.13	11.63	9.38	10.38	
2018	8	20	5	42	22	9.38	11.63	9.31	10.13	
2018	8	20	5	44	23	9.69	11.56	9.19	10.06	
2018	8	20	5	46	23	9.25	11.56	9.19	9.88	
2018	8	20	5	48	24	9.19	11.50	9.13	10.00	
2018	8	20	5	50	25	9.31	11.44	9.19	10.06	
2018	8	20	5	52	26	9.13	11.44	9.19	9.88	
2018	8	20	5	54	26	10.00	11.38	9.25	10.44	
2018	8	20	5	56	27	9.81	11.44	9.38	10.19	
2018	8	20	5	58	28	9.31	11.44	9.25	10.00	
2018	8	20	6	0	28	9.94	11.38	9.31	10.25	
2018	8	20	6	2	29	10.31	11.44	9.38	10.44	
2018	8	20	6	4	30	10.31	11.44	9.50	10.25	
2018	8	20	6	6	31	9.75	11.44	9.38	10.00	
2018	8	20	6	8	32	10.25	11.44	9.50	10.19	
2018	8	20	6	10	33	9.31	11.38	9.25	9.88	
2018	8	20	6	12	34	9.75	11.38	9.19	10.06	
2018	8	20	6	14	34	9.69	11.31	9.19	9.75	
2018	8	20	6	16	35	10.13	11.31	9.19	10.31	
2018	8	20	6	18	36	9.19	11.25	9.06	9.50	
2018	8	20	6	20	36	9.06	11.19	9.00	9.75	
2018	8	20	6	22	37	8.94	11.19	8.81	9.63	
2018	8	20	6	24	38	8.88	11.13	8.88	9.63	
2018	8	20	6	26	39	8.81	11.13	8.81	9.50	
2018	8	20	6	28	39	9.00	11.06	8.88	9.63	
2018	8	20	6	30	40	9.63	11.06	9.00	10.13	
2018	8	20	6	32	41	9.00	11.06	8.94	9.75	
2018	8	20	6	34	41	9.00	11.00	8.88	9.75	
2018	8	20	6	36	42	8.94	11.00	8.81	9.75	
2018	8	20	6	38	43	8.88	10.94	8.81	9.56	
2018	8	20	6	40	44	8.94	10.94	8.88	9.69	
2018	8	20	6	42	44	8.81	10.88	8.81	9.50	
2018	8	20	6	44	45	9.13	10.94	8.81	9.69	
2018	8	20	6	46	46	9.63	10.94	8.94	9.50	
2018	8	20	6	48	46	9.38	10.94	9.06	9.75	
2018	8	20	6	50	47	9.19	10.94	8.88	9.69	
2018	8	20	6	52	48	8.81	10.88	8.81	9.50	
2018	8	20	6	54	49	8.88	10.88	8.75	9.44	
2018	8	20	6	56	50	8.75	10.81	8.75	9.25	
2018	8	20	6	58	51	8.69	10.81	8.69	9.50	
2018	8	20	7	0	52	8.50	10.75	8.63	9.25	
2018	8	20	7	2	52	8.50	10.69	8.69	9.19	
2018	8	20	7	4	53	8.44	10.69	8.63	9.13	
2018	8	20	7	6	54	8.56	10.63	8.63	9.25	
2018	8	20	7	8	54	8.56	10.69	8.56	9.38	
2018	8	20	7	10	55	8.63	10.69	8.56	9.38	
2018	8	20	7	12	56	8.81	10.63	8.63	9.38	
2018	8	20	7	14	57	8.69	10.63	8.56	9.38	
2018	8	20	7	16	57	8.75	10.63	8.69	9.44	
2018	8	20	7	18	58	8.63	10.63	8.63	9.38	
2018	8	20	7	20	59	8.56	10.63	8.56	9.19	
2018	8	20	7	22	59	8.94	10.56	8.69	9.63	
2018	8	20	7	25	0	8.63	10.56	8.63	9.25	
2018	8	20	7	27	1	8.88	10.56	8.56	9.38	
2018	8	20	7	29	2	9.13	10.56	8.69	9.56	
2018	8	20	7	31	2	8.69	10.50	8.56	9.44	
2018	8	20	7	33	3	8.81	10.50	8.63	9.31	
2018	8	20	7	35	4	8.63	10.50	8.56	9.25	
2018	8	20	7	37	4	9.06	10.50	8.75	9.56	
2018	8	20	7	39	5	9.00	10.50	8.69	9.44	
2018	8	20	7	41	6	9.13	10.50	8.69	9.75	
2018	8	20	7	43	7	9.00	10.50	8.69	9.38	
2018	8	20	7	45	7	9.38	10.56	8.81	9.44	
2018	8	20	7	47	8	9.63	10.63	8.94	9.63	
2018	8	20	7	49	9	10.06	10.69	9.31	10.06	
2018	8	20	7	51	9	10.06	10.75	9.31	10.13	
2018	8	20	7	53	10	10.06	10.75	9.31	9.94	
2018	8	20	7	55	11	9.88	10.75	9.19	9.75	
2018	8	20	7	57	12	10.31	10.69	9.13	9.75	
2018	8	20	7	59	12	9.69	10.75	9.13	9.69	
2018	8	20	8	1	13	9.56	10.75	9.19	9.69	
2018	8	20	8	3	14	10.44	10.75	9.38	10.13	
2018	8	20	8	5	14	9.75	10.75	9.25	9.63	
2018	8	20	8	7	15	10.00	10.75	9.19	9.88	
2018	8	20	8	9	16	10.25	10.75	9.38	9.94	
2018	8	20	8	11	17	10.25	10.81	9.44	9.81	
2018	8	20	8	13	18	10.50	10.81	10.00	10.44	
2018	8	20	8	15	19	10.25	10.88	9.69	10.50	
2018	8	20	8	17	20	11.06	11.06	10.88	11.31	
2018	8	20	8	19	20	10.94	11.25	10.50	10.69	
2018	8	20	8	21	21	11.44	11.25	10.44	10.69	
2018	8	20	8	23	22	11.31	11.38	10.81	11.44	
2018	8	20	8	25	22	11.88	11.38	10.81	11.19	
2018	8	20	8	27	23	11.06	11.38	10.13	10.44	
2018	8	20	8	29	24	11.94	11.44	10.56	10.94	
2018	8	20	8	31	25	11.13	11.50	10.38	10.75	
2018	8	20	8	33	25	10.31	11.44	10.00	10.31	
2018	8	20	8	35	26	9.69	11.38	9.69	9.94	
2018	8	20	8	37	27	10.38	11.25	9.88	10.44	
2018	8	20	8	39	27	11.63	11.56	11.50	13.00	
2018	8	20	8	41	28	11.19	11.81	11.00	11.19	
2018	8	20	8	43	29	10.56	11.88	10.50	10.88	
2018	8	20	8	45	30	10.63	11.94	10.50	10.69	
2018	8	20	8	47	30	10.13	11.81	10.13	10.63	
2018	8	20	8	49	31	10.38	11.69	10.06	10.38	
2018	8	20	8	51	32	10.31	11.69	10.00	10.50	
2018	8	20	8	53	32	11.13	11.81	10.69	11.13	
2018	8	20	8	55	33	11.25	12.00	10.81	11.00	
2018	8	20	8	57	34	10.75	12.00	10.50	10.50	
2018	8	20	8	59	35	10.44	11.94	10.44	10.56	
2018	8	20	9	1	35	11.88	12.06	11.38	11.50	
2018	8	20	9	3	36	12.31	12.31	11.88	11.63	
2018	8	20	9	5	37	12.63	12.50	11.94	11.69	
2018	8	20	9	7	37	12.69	12.56	12.00	11.81	
2018	8	20	9	9	38	12.81	12.69	12.19	11.88	
2018	8	20	9	11	39	12.13	12.75	11.75	11.38	
2018	8	20	9	13	40	11.81	12.63	11.38	11.19	
2018	8	20	9	15	41	11.88	12.69	11.38	11.13	
2018	8	20	9	17	42	12.06	12.75	11.56	11.31	
2018	8	20	9	19	43	12.63	12.81	11.81	11.63	
2018	8	20	9	21	43	13.13	12.81	12.06	11.81	
2018	8	20	9	23	44	13.63	13.00	12.50	12.13	
2018	8	20	9	25	45	13.94	13.13	12.75	12.13	
2018	8	20	9	27	46	14.13	13.19	12.88	12.13	
2018	8	20	9	29	47	13.94	13.25	13.13	12.31	
2018	8	20	9	31	48	14.44	13.38	13.56	12.56	
2018	8	20	9	33	49	14.88	13.44	13.81	12.75	
2018	8	20	9	35	49	16.12	13.56	15.06	13.94	
2018	8	20	9	37	50	17.00	13.69	16.00	15.00	
2018	8	20	9	39	51	16.25	13.75	15.44	14.19	
2018	8	20	9	41	51	16.50	13.88	15.88	14.50	
2018	8	20	9	43	52	16.87	13.94	16.56	15.25	
2018	8	20	9	45	53	16.87	14.06	16.81	15.75	
2018	8	20	9	47	54	17.19	14.13	17.12	15.81	
2018	8	20	9	49	55	17.62	14.25	16.44	16.00	
2018	8	20	9	51	56	18.69	14.38	16.69	17.12	
2018	8	20	9	53	57	19.31	14.56	17.62	17.69	
2018	8	20	9	55	57	20.19	14.81	18.62	17.81	
2018	8	20	9	57	58	20.25	15.06	19.44	18.19	
2018	8	20	9	59	59	21.19	15.31	19.81	18.75	
2018	8	20	10	1	59	21.44	15.56	20.25	19.75	
2018	8	20	10	5	26	22.25	16.44	20.19	20.25	
2018	8	20	10	7	26	22.19	16.44	20.06	19.94	
2018	8	20	10	9	27	21.31	16.31	20.06	20.19	
2018	8	20	10	11	28	21.37	16.37	20.31	20.44	
2018	8	20	10	13	29	21.75	16.44	20.25	20.75	
2018	8	20	10	15	30	21.31	16.50	20.56	20.50	
2018	8	20	10	17	31	21.75	16.69	20.50	20.75	
2018	8	20	10	19	32	21.56	16.75	20.81	20.56	
2018	8	20	10	21	32	22.00	16.81	20.56	21.06	
2018	8	20	10	23	33	21.06	16.87	21.00	21.31	
2018	8	20	10	25	34	22.25	17.00	21.00	20.94	
2018	8	20	10	27	34	22.75	17.12	21.19	21.37	
2018	8	20	10	29	35	22.50	17.19	21.25	21.56	
2018	8	20	10	31	36	23.00	17.31	21.00	21.37	
2018	8	20	10	33	37	23.06	17.44	21.12	21.62	
2018	8	20	10	35	37	23.19	17.56	21.50	21.75	
2018	8	20	10	37	38	23.31	17.62	22.00	22.00	
2018	8	20	10	39	39	24.19	17.81	22.12	22.75	
2018	8	20	10	41	39	24.44	18.00	22.00	23.19	
2018	8	20	10	43	40	24.31	18.12	22.06	22.94	
2018	8	20	10	45	41	22.94	18.12	21.56	21.69	
2018	8	20	10	47	41	22.94	18.00	21.19	21.31	
2018	8	20	10	49	42	22.37	18.06	21.31	21.25	
2018	8	20	10	51	43	22.00	18.00	20.87	20.69	
2018	8	20	10	53	44	21.44	17.94	20.50	20.19	
2018	8	20	10	55	45	20.69	17.94	19.94	19.56	
2018	8	20	10	57	46	19.94	17.87	18.69	18.81	
2018	8	20	10	59	47	20.06	17.87	18.19	18.19	
2018	8	20	11	1	47	20.69	17.81	18.06	17.94	
2018	8	20	11	3	48	21.06	17.87	17.62	17.44	
2018	8	20	11	5	49	21.25	17.94	17.50	17.25	
2018	8	20	11	7	49	21.37	17.94	17.62	17.31	
2018	8	20	11	10	37	21.50	18.25	18.06	17.62	
2018	8	20	11	12	38	21.69	18.06	18.50	17.44	
2018	8	20	11	14	39	21.25	17.94	18.81	17.25	
2018	8	20	11	16	39	20.87	17.81	19.00	17.25	
2018	8	20	11	18	40	20.50	17.75	18.87	17.37	
2018	8	20	11	20	41	20.62	17.75	18.06	17.37	
2018	8	20	11	22	42	19.37	17.75	17.06	16.62	
2018	8	20	11	24	43	18.94	17.75	17.00	16.62	
2018	8	20	11	26	44	18.31	17.69	17.12	16.62	
2018	8	20	11	28	45	17.81	17.75	17.12	16.62	
2018	8	20	11	30	45	17.75	17.75	17.56	16.56	
2018	8	20	11	32	46	17.69	17.69	17.75	16.69	
2018	8	20	11	34	47	17.44	17.69	17.19	16.62	
2018	8	20	11	36	47	17.25	17.69	16.75	16.44	
2018	8	20	11	38	48	16.94	17.69	16.62	16.31	
2018	8	20	11	40	49	16.94	17.69	16.75	16.37	
2018	8	20	11	42	50	16.87	17.62	16.56	16.31	
2018	8	20	11	44	50	16.87	17.62	16.50	16.37	
2018	8	20	11	46	51	17.06	17.56	16.75	16.62	
2018	8	20	11	48	52	17.06	17.56	16.81	16.56	
2018	8	20	11	50	52	16.81	17.56	16.50	16.31	
2018	8	20	11	52	53	16.75	17.56	16.37	16.19	
2018	8	20	11	54	54	16.81	17.56	16.50	16.37	
2018	8	20	11	56	55	16.81	17.56	16.62	16.31	
2018	8	20	11	58	56	16.69	17.50	16.62	16.44	
2018	8	20	12	0	57	16.44	17.56	16.31	16.12	
2018	8	20	12	2	58	16.37	17.56	16.19	15.94	
2018	8	20	12	4	58	16.50	17.50	16.44	16.31	
2018	8	20	12	6	59	16.75	17.56	16.69	16.50	
2018	8	20	12	9	0	16.75	17.56	16.75	16.37	
2018	8	20	12	11	0	16.56	17.56	16.62	16.37	
2018	8	20	12	13	1	16.37	17.50	16.62	17.19	
2018	8	20	12	15	2	16.37	17.50	16.62	16.31	
2018	8	20	12	17	3	16.44	17.56	16.69	16.44	
2018	8	20	12	19	4	16.81	17.56	17.06	17.12	
2018	8	20	12	21	5	17.00	17.50	17.25	17.19	
2018	8	20	12	23	6	16.81	17.56	17.06	16.81	
2018	8	20	12	25	6	16.69	17.62	16.87	16.69	
2018	8	20	12	27	7	16.50	17.56	16.62	16.56	
2018	8	20	12	29	8	16.37	17.62	16.50	16.44	
2018	8	20	12	31	8	16.56	17.62	16.69	16.69	
2018	8	20	12	33	9	16.50	17.62	16.56	16.50	
2018	8	20	12	35	10	16.50	17.56	16.50	16.56	
2018	8	20	12	37	11	16.44	17.62	16.37	16.37	
2018	8	20	12	39	11	16.37	17.56	16.25	16.37	
2018	8	20	12	41	12	16.50	17.56	16.31	16.37	
2018	8	20	12	43	13	16.62	17.56	16.37	16.44	
2018	8	20	12	45	13	16.75	17.62	16.62	16.56	
2018	8	20	12	47	14	16.94	17.62	16.81	16.56	
2018	8	20	12	49	15	17.37	17.69	17.25	16.94	
2018	8	20	12	51	16	17.69	17.75	17.50	16.94	
2018	8	20	12	53	17	17.25	17.75	17.12	16.81	
2018	8	20	12	55	18	17.94	17.75	17.12	16.81	
2018	8	20	12	57	19	20.50	17.81	17.69	17.06	
2018	8	20	12	59	19	21.87	17.75	18.31	17.44	
2018	8	20	13	1	20	22.62	17.75	18.81	17.87	
2018	8	20	13	3	21	22.12	17.69	19.31	18.31	
2018	8	20	13	5	21	19.50	17.69	18.75	18.25	
2018	8	20	13	7	22	21.87	17.81	19.25	18.50	
2018	8	20	13	9	23	22.62	17.94	20.00	19.00	
2018	8	20	13	11	24	24.25	18.06	20.69	20.44	
2018	8	20	13	13	25	25.19	18.25	22.25	20.81	
2018	8	20	13	15	26	26.56	18.56	25.19	21.69	
2018	8	20	13	17	27	26.44	18.69	25.56	21.75	
2018	8	20	13	19	27	28.25	19.06	26.44	22.12	
2018	8	20	13	21	28	29.00	19.50	27.62	24.50	
2018	8	20	13	23	29	29.31	19.81	28.31	27.44	
2018	8	20	13	25	29	31.12	20.25	31.06	29.44	
2018	8	20	13	27	30	32.25	20.94	33.00	31.31	
2018	8	20	13	29	31	29.69	21.37	30.87	29.06	
2018	8	20	13	31	32	31.81	21.81	32.25	31.44	
2018	8	20	13	33	33	33.19	22.37	34.25	33.31	
2018	8	20	13	35	34	32.69	22.75	34.19	32.63	
2018	8	20	13	37	35	32.69	23.19	34.38	32.75	
2018	8	20	13	39	35	31.06	23.31	32.94	30.87	
2018	8	20	13	41	36	31.69	23.31	32.50	31.50	
2018	8	20	13	43	37	33.13	23.62	33.56	33.06	
2018	8	20	13	45	37	34.31	24.12	35.56	34.63	
2018	8	20	13	47	38	36.06	24.69	36.88	36.38	
2018	8	20	13	49	39	36.75	25.31	38.25	37.31	
2018	8	20	13	51	39	36.00	25.69	37.69	36.13	
2018	8	20	13	53	40	34.25	25.81	36.25	34.44	
2018	8	20	13	55	41	30.62	25.37	32.19	30.81	
2018	8	20	13	57	42	27.31	24.69	28.56	28.00	
2018	8	20	13	59	43	29.69	24.69	30.00	30.56	
2018	8	20	14	1	44	32.25	25.12	32.69	33.13	
2018	8	20	14	3	45	33.38	25.62	34.63	34.19	
2018	8	20	14	5	45	32.38	25.75	33.69	32.56	
2018	8	20	14	7	46	28.69	25.37	29.81	29.25	
2018	8	20	14	9	47	25.75	24.94	26.56	26.69	
2018	8	20	14	11	47	27.81	24.94	27.62	29.00	
2018	8	20	14	13	48	30.44	25.19	30.19	31.31	
2018	8	20	14	15	49	31.69	25.37	32.31	32.50	
2018	8	20	14	17	49	32.19	25.62	32.94	32.81	
2018	8	20	14	19	50	33.06	25.94	33.81	33.63	
2018	8	20	14	21	51	34.50	26.31	35.31	34.88	
2018	8	20	14	23	52	35.06	26.62	35.63	35.13	
2018	8	20	14	25	53	35.06	26.87	36.19	34.94	
2018	8	20	14	27	54	35.31	27.06	36.44	34.50	
2018	8	20	14	29	55	35.69	27.37	37.06	35.69	
2018	8	20	14	31	55	36.25	27.50	37.44	36.31	
2018	8	20	14	33	56	32.44	27.25	34.06	32.69	
2018	8	20	14	35	57	29.00	26.75	30.31	29.56	
2018	8	20	14	37	57	26.25	26.50	27.25	27.56	
2018	8	20	14	39	58	27.37	26.31	27.75	29.00	
2018	8	20	14	41	59	30.56	26.44	30.56	31.69	
2018	8	20	14	43	59	30.00	26.44	30.81	30.87	
2018	8	20	14	46	0	28.56	26.25	29.62	29.50	
2018	8	20	14	48	1	27.56	26.19	28.50	28.56	
2018	8	20	14	50	1	29.81	26.44	30.31	30.62	
2018	8	20	14	52	2	32.50	26.87	33.00	33.63	
2018	8	20	14	54	3	34.25	27.31	35.25	35.19	
2018	8	20	14	56	4	35.69	27.75	36.81	36.44	
2018	8	20	14	58	5	36.31	28.12	37.81	37.13	
2018	8	20	15	0	6	36.94	28.50	37.88	37.75	
2018	8	20	15	2	7	37.50	28.94	38.31	37.69	
2018	8	20	15	4	7	37.06	29.12	38.25	37.75	
2018	8	20	15	6	8	37.13	29.25	38.06	37.63	
2018	8	20	15	8	9	36.88	29.44	38.25	37.81	
2018	8	20	15	10	9	36.88	29.50	38.19	37.19	
2018	8	20	15	12	10	36.00	29.50	36.81	36.56	
2018	8	20	15	14	11	34.19	29.37	36.06	35.31	
2018	8	20	15	16	11	32.75	29.19	34.63	33.88	
2018	8	20	15	18	12	30.81	28.94	32.50	32.31	
2018	8	20	15	20	13	29.31	28.69	30.56	31.00	
2018	8	20	15	22	13	26.87	28.37	27.87	28.94	
2018	8	20	15	24	14	25.94	28.06	26.81	28.37	
2018	8	20	15	26	15	26.12	27.87	27.75	29.37	
2018	8	20	15	28	16	26.31	27.81	28.00	28.75	
2018	8	20	15	30	17	27.69	28.00	30.50	30.94	
2018	8	20	15	32	18	27.44	27.94	29.19	29.44	
2018	8	20	15	34	19	25.94	27.62	27.19	27.50	
2018	8	20	15	36	19	24.12	27.31	25.19	26.31	
2018	8	20	15	38	20	23.00	26.94	23.87	25.50	
2018	8	20	15	40	21	22.25	26.56	22.87	24.75	
2018	8	20	15	42	21	22.69	26.56	24.81	25.69	
2018	8	20	15	44	22	22.75	26.31	23.81	24.75	
2018	8	20	15	46	23	22.31	26.19	23.81	25.06	
2018	8	20	15	48	23	22.37	26.00	24.37	25.00	
2018	8	20	15	50	24	22.31	25.81	23.69	24.31	
2018	8	20	15	52	25	22.44	25.87	25.25	25.69	
2018	8	20	15	54	26	23.25	26.06	26.31	26.19	
2018	8	20	15	56	27	23.56	26.00	25.94	25.56	
2018	8	20	15	58	28	23.81	26.12	27.19	27.31	
2018	8	20	16	0	29	23.62	26.12	26.31	25.94	
2018	8	20	16	2	29	23.31	26.00	25.87	25.87	
2018	8	20	16	4	30	23.56	26.25	27.56	27.31	
2018	8	20	16	6	31	23.50	26.06	25.94	25.50	
2018	8	20	16	8	31	22.56	25.75	24.12	24.31	
2018	8	20	16	10	32	21.94	25.62	24.37	24.75	
2018	8	20	16	12	33	21.94	25.50	24.06	24.19	
2018	8	20	16	14	33	21.31	25.19	22.56	23.31	
2018	8	20	16	16	34	20.50	24.94	21.81	22.81	
2018	8	20	16	18	35	20.44	24.75	21.87	22.62	
2018	8	20	16	20	35	20.12	24.50	21.06	21.87	
2018	8	20	16	22	36	19.69	24.25	20.50	21.50	
2018	8	20	16	24	37	19.19	23.94	20.00	21.25	
2018	8	20	16	26	38	19.12	23.81	20.25	21.06	
2018	8	20	16	28	38	18.94	23.62	19.87	21.00	
2018	8	20	16	30	39	18.69	23.37	19.19	20.44	
2018	8	20	16	33	44	18.31	23.50	18.94	20.25	
2018	8	20	16	35	44	18.56	23.37	20.31	21.44	
2018	8	20	16	37	45	18.69	23.12	19.69	20.50	
2018	8	20	16	39	46	18.50	22.87	19.19	20.06	
2018	8	20	16	41	47	18.19	22.69	18.75	19.75	
2018	8	20	16	43	47	18.00	22.50	18.12	19.44	
2018	8	20	16	45	48	17.87	22.31	18.00	19.25	
2018	8	20	16	47	49	17.62	22.12	17.81	19.06	
2018	8	20	16	49	49	17.50	21.94	17.62	18.81	
2018	8	20	16	51	50	17.56	21.81	17.62	18.75	
2018	8	20	16	53	51	17.50	21.69	17.62	18.69	
2018	8	20	16	55	51	17.44	21.56	17.56	18.62	
2018	8	20	16	57	52	17.37	21.50	17.56	18.50	
2018	8	20	16	59	53	17.50	21.31	17.56	18.56	
2018	8	20	17	1	54	17.44	21.31	17.50	18.37	
2018	8	20	17	3	54	17.25	21.19	17.37	18.25	
2018	8	20	17	5	55	17.12	21.06	17.19	18.00	
2018	8	20	17	7	56	17.06	20.94	17.06	17.75	
2018	8	20	17	9	56	17.00	20.81	17.00	17.69	
2018	8	20	17	11	57	16.94	20.69	16.87	17.69	
2018	8	20	17	13	58	16.87	20.56	16.75	17.81	
2018	8	20	17	15	58	16.87	20.44	16.81	17.50	
2018	8	20	17	17	59	16.81	20.25	16.62	17.50	
2018	8	20	17	20	0	16.81	20.19	16.62	17.44	
2018	8	20	17	22	1	16.62	20.06	16.50	17.25	
2018	8	20	17	24	1	16.50	19.94	16.44	17.19	
2018	8	20	17	26	2	16.50	19.94	16.37	17.06	
2018	8	20	17	28	3	16.50	19.81	16.44	17.12	
2018	8	20	17	30	3	16.50	19.75	16.37	17.12	
2018	8	20	17	32	4	16.44	19.62	16.44	16.94	
2018	8	20	17	34	5	16.44	19.62	16.37	16.87	
2018	8	20	17	36	5	16.44	19.50	16.31	17.00	
2018	8	20	17	38	6	16.37	19.31	16.19	16.87	
2018	8	20	17	40	7	16.25	19.25	16.00	16.75	
2018	8	20	17	42	8	16.19	19.12	15.81	16.81	
2018	8	20	17	44	8	16.06	19.00	15.69	16.44	
2018	8	20	17	46	9	15.94	18.87	15.63	16.25	
2018	8	20	17	48	10	15.88	18.75	15.50	16.50	
2018	8	20	17	50	10	15.75	18.62	15.56	16.56	
2018	8	20	17	52	11	15.75	18.56	15.44	16.19	
2018	8	20	17	54	12	15.75	18.50	15.38	16.06	
2018	8	20	17	56	12	15.56	18.37	15.25	16.06	
2018	8	20	17	58	13	15.56	18.25	15.13	15.94	
2018	8	20	18	0	14	15.44	18.19	15.06	16.31	
2018	8	20	18	2	15	15.31	18.12	15.00	15.94	
2018	8	20	18	4	15	15.31	18.00	14.88	15.88	
2018	8	20	18	6	16	15.19	17.87	14.88	15.75	
2018	8	20	18	8	17	15.13	17.75	14.81	15.75	
2018	8	20	18	10	17	15.13	17.69	14.75	15.56	
2018	8	20	18	12	18	15.06	17.56	14.75	15.75	
2018	8	20	18	14	19	15.13	17.56	14.75	15.56	
2018	8	20	18	16	20	15.06	17.50	14.69	15.50	
2018	8	20	18	18	21	14.94	17.37	14.56	15.25	
2018	8	20	18	20	22	14.94	17.31	14.44	15.13	
2018	8	20	18	22	23	14.81	17.25	14.31	15.06	
2018	8	20	18	24	23	14.81	17.19	14.38	15.38	
2018	8	20	18	26	24	14.81	17.25	14.31	15.50	
2018	8	20	18	28	25	14.75	17.12	14.31	15.13	
2018	8	20	18	30	25	14.63	17.00	14.25	15.31	
2018	8	20	18	32	26	14.56	16.94	14.13	14.88	
2018	8	20	18	34	27	14.44	16.81	14.06	14.75	
2018	8	20	18	36	28	14.50	16.87	14.06	15.38	
2018	8	20	18	38	29	14.50	16.81	14.00	14.94	
2018	8	20	18	40	30	14.44	16.75	14.00	14.69	
2018	8	20	18	42	31	14.38	16.69	13.94	14.94	
2018	8	20	18	44	31	14.31	16.56	13.88	14.56	
2018	8	20	18	46	32	14.25	16.50	13.88	14.94	
2018	8	20	18	48	33	14.25	16.44	13.75	14.56	
2018	8	20	18	50	33	14.19	16.31	13.69	14.38	
2018	8	20	18	52	34	14.13	16.31	13.75	14.75	
2018	8	20	18	54	35	14.13	16.25	13.69	14.63	
2018	8	20	18	56	36	14.19	16.31	13.69	14.44	
2018	8	20	18	58	36	14.19	16.25	13.69	14.63	
2018	8	20	19	0	37	14.13	16.19	13.63	14.44	
2018	8	20	19	2	38	14.00	16.19	13.63	14.31	
2018	8	20	19	4	38	14.00	16.12	13.56	14.38	
2018	8	20	19	6	39	14.00	16.06	13.56	14.50	
2018	8	20	19	8	40	13.94	16.12	13.56	14.50	
2018	8	20	19	10	41	13.94	16.00	13.50	14.31	
2018	8	20	19	12	42	13.88	16.00	13.44	14.25	
2018	8	20	19	14	43	13.88	16.00	13.50	14.19	
2018	8	20	19	16	44	13.88	15.94	13.38	14.06	
2018	8	20	19	18	44	13.81	15.81	13.31	14.00	
2018	8	20	19	20	45	13.81	15.88	13.44	14.50	
2018	8	20	19	22	46	13.75	15.81	13.38	14.19	
2018	8	20	19	24	46	13.75	15.75	13.31	13.88	
2018	8	20	19	26	47	13.75	15.75	13.38	14.31	
2018	8	20	19	28	48	13.75	15.69	13.31	13.88	
2018	8	20	19	30	49	13.75	15.69	13.25	13.88	
2018	8	20	19	32	49	13.75	15.81	13.88	15.19	
2018	8	20	19	34	50	13.44	15.88	13.00	14.69	
2018	8	20	19	36	51	13.63	16.00	13.63	14.94	
2018	8	20	19	38	51	14.50	16.25	14.25	16.00	
2018	8	20	19	40	52	14.88	16.50	14.75	16.25	
2018	8	20	19	42	53	14.69	16.69	14.69	15.69	
2018	8	20	19	44	53	14.94	16.75	14.75	16.06	
2018	8	20	19	46	54	14.94	16.87	14.75	15.69	
2018	8	20	19	48	55	13.94	16.75	13.88	14.44	
2018	8	20	19	50	56	13.50	16.31	13.44	14.19	
2018	8	20	19	52	56	13.38	16.06	13.13	13.94	
2018	8	20	19	54	57	13.38	15.94	13.06	14.13	
2018	8	20	19	56	58	13.25	15.81	12.94	13.94	
2018	8	20	19	58	58	13.19	15.69	12.94	13.88	
2018	8	20	20	0	59	13.31	15.63	12.94	14.00	
2018	8	20	20	3	0	13.13	15.50	12.88	13.88	
2018	8	20	20	5	1	13.69	15.50	13.00	14.06	
2018	8	20	20	7	2	13.44	15.50	12.94	13.88	
2018	8	20	20	9	3	13.13	15.50	12.88	13.75	
2018	8	20	20	11	4	14.06	16.00	13.06	14.38	
2018	8	20	20	13	4	14.25	16.37	13.25	14.44	
2018	8	20	20	15	5	13.44	16.62	13.19	14.06	
2018	8	20	20	17	6	13.31	16.87	13.06	14.00	
2018	8	20	20	19	6	14.00	17.06	13.31	14.63	
2018	8	20	20	21	7	13.88	17.19	13.38	14.31	
2018	8	20	20	23	8	13.38	17.31	13.25	14.13	
2018	8	20	20	25	9	13.88	17.31	13.19	14.31	
2018	8	20	20	27	9	13.38	17.44	13.25	14.19	
2018	8	20	20	29	10	13.25	17.56	13.13	14.00	
2018	8	20	20	31	11	13.25	17.56	13.13	14.13	
2018	8	20	20	33	11	13.81	17.56	13.19	14.38	
2018	8	20	20	35	12	13.31	17.69	13.13	14.13	
2018	8	20	20	37	13	13.13	17.69	13.00	14.06	
2018	8	20	20	39	14	13.13	17.69	13.00	13.81	
2018	8	20	20	41	15	13.13	17.69	13.00	14.13	
2018	8	20	20	43	16	13.13	17.75	13.00	14.13	
2018	8	20	20	45	17	13.13	17.81	13.00	13.88	
2018	8	20	20	47	17	13.06	17.75	13.06	14.06	
2018	8	20	20	49	18	13.13	17.81	13.00	13.94	
2018	8	20	20	51	19	13.06	17.75	12.94	14.00	
2018	8	20	20	53	19	13.00	17.87	12.88	13.94	
2018	8	20	20	55	20	12.94	17.75	12.88	14.06	
2018	8	20	20	57	21	13.00	17.75	12.88	14.13	
2018	8	20	20	59	22	13.19	17.75	12.94	14.19	
2018	8	20	21	1	22	13.06	17.81	13.00	14.00	
2018	8	20	21	3	23	12.94	17.81	12.94	14.00	
2018	8	20	21	5	24	13.56	17.75	13.00	14.31	
2018	8	20	21	7	24	13.56	17.75	13.13	14.25	
2018	8	20	21	9	25	13.31	17.94	13.06	14.06	
2018	8	20	21	11	26	13.06	17.94	13.06	13.94	
2018	8	20	21	13	27	13.00	17.81	12.94	14.25	
2018	8	20	21	15	28	13.31	17.94	13.00	14.25	
2018	8	20	21	17	29	13.19	17.87	13.06	14.06	
2018	8	20	21	19	30	13.44	17.81	12.94	14.19	
2018	8	20	21	21	30	13.00	17.87	12.94	14.13	
2018	8	20	21	23	31	13.19	17.87	12.94	14.13	
2018	8	20	21	25	32	13.13	17.81	13.00	14.19	
2018	8	20	21	27	32	12.94	17.87	12.94	14.00	
2018	8	20	21	29	33	12.94	17.81	12.94	14.06	
2018	8	20	21	31	34	12.88	17.87	12.75	14.00	
2018	8	20	21	33	35	12.88	17.87	12.75	13.94	
2018	8	20	21	35	35	13.13	18.00	12.94	14.13	
2018	8	20	21	37	36	12.94	17.94	12.81	14.06	
2018	8	20	21	39	37	12.81	17.94	12.81	14.19	
2018	8	20	21	41	37	12.75	17.81	12.75	13.88	
2018	8	20	21	43	38	12.75	17.94	12.75	14.06	
2018	8	20	21	45	39	12.75	17.87	12.69	14.00	
2018	8	20	21	47	40	12.75	17.81	12.63	13.69	
2018	8	20	21	49	41	12.88	17.75	12.69	13.94	
2018	8	20	21	51	42	12.69	17.75	12.63	13.94	
2018	8	20	21	53	43	12.63	17.81	12.56	13.94	
2018	8	20	21	55	43	12.56	17.75	12.56	13.56	
2018	8	20	21	57	44	12.69	17.69	12.50	13.44	
2018	8	20	21	59	45	12.75	17.75	12.56	13.81	
2018	8	20	22	1	45	13.00	17.75	12.63	14.13	
2018	8	20	22	3	46	12.81	17.75	12.63	13.75	
2018	8	20	22	5	47	14.44	18.12	15.75	17.75	
2018	8	20	22	7	48	13.94	18.19	13.94	14.81	
2018	8	20	22	9	48	13.25	18.06	13.44	14.00	
2018	8	20	22	11	49	12.81	17.87	12.94	13.56	
2018	8	20	22	13	50	12.63	17.94	12.69	13.63	
2018	8	20	22	15	50	12.56	17.81	12.56	13.50	
2018	8	20	22	17	51	13.06	17.62	12.75	13.81	
2018	8	20	22	19	52	13.13	17.75	12.81	13.88	
2018	8	20	22	21	52	12.94	17.87	12.75	14.00	
2018	8	20	22	23	53	12.81	17.75	12.81	13.69	
2018	8	20	22	25	54	13.13	17.81	12.75	13.94	
2018	8	20	22	27	55	12.69	17.69	12.69	13.63	
2018	8	20	22	29	55	12.56	17.62	12.56	13.38	
2018	8	20	22	31	56	12.50	17.62	12.56	13.56	
2018	8	20	22	33	57	12.50	17.56	12.44	13.56	
2018	8	20	22	35	57	13.00	17.69	12.69	13.75	
2018	8	20	22	37	58	13.00	17.69	12.81	13.94	
2018	8	20	22	39	59	12.44	17.62	12.56	13.31	
2018	8	20	22	41	59	12.50	17.56	12.44	13.38	
2018	8	20	22	44	0	12.44	17.69	12.38	13.56	
2018	8	20	22	46	1	12.50	17.69	12.44	13.44	
2018	8	20	22	48	2	12.38	17.62	12.31	13.38	
2018	8	20	22	50	2	12.56	17.56	12.31	13.81	
2018	8	20	22	52	3	12.50	17.62	12.38	13.50	
2018	8	20	22	54	4	12.44	17.62	12.31	13.38	
2018	8	20	22	56	4	13.06	17.69	12.50	14.00	
2018	8	20	22	58	5	12.69	17.69	12.50	13.56	
2018	8	20	23	0	6	12.88	17.69	12.69	13.75	
2018	8	20	23	2	6	12.56	17.62	12.50	13.50	
2018	8	20	23	4	7	12.50	17.62	12.31	13.50	
2018	8	20	23	6	8	13.75	17.75	14.13	16.56	
2018	8	20	23	8	9	13.38	17.81	13.38	14.19	
2018	8	20	23	10	9	12.94	17.81	13.44	15.94	
2018	8	20	23	12	10	14.44	18.06	14.69	16.31	
2018	8	20	23	14	11	13.31	18.00	13.50	14.19	
2018	8	20	23	16	11	12.88	17.87	13.06	13.75	
2018	8	20	23	18	12	12.75	17.75	12.88	13.75	
2018	8	20	23	21	31	12.81	18.12	12.94	14.00	
2018	8	20	23	23	32	13.06	18.00	12.94	14.00	
2018	8	20	23	25	32	13.31	17.94	12.94	14.00	
2018	8	20	23	27	33	12.56	17.75	12.63	13.44	
2018	8	20	23	29	34	12.38	17.75	12.44	13.38	
2018	8	20	23	31	34	12.25	17.69	12.25	13.25	
2018	8	20	23	33	35	12.19	17.56	12.13	13.25	
2018	8	20	23	35	36	12.25	17.75	12.19	13.31	
2018	8	20	23	37	37	12.69	17.69	12.19	13.44	
2018	8	20	23	39	38	12.56	17.62	12.38	13.44	
2018	8	20	23	41	39	12.38	17.87	12.31	13.31	
2018	8	20	23	43	40	12.25	17.69	12.19	13.13	
2018	8	20	23	45	40	12.19	17.50	12.13	13.06	
2018	8	20	23	47	41	12.13	17.62	12.06	13.25	
2018	8	20	23	49	42	12.19	17.62	12.06	13.19	
2018	8	20	23	51	42	12.13	17.62	12.06	13.06	
2018	8	20	23	53	43	12.13	17.56	12.06	13.31	
2018	8	20	23	55	44	12.06	17.56	12.06	13.00	
2018	8	20	23	57	45	12.00	17.44	12.00	13.00	
2018	8	20	23	59	45	12.00	17.50	11.94	13.06	
2018	8	21	0	1	46	12.13	17.56	12.00	13.25	
2018	8	21	0	3	47	12.06	17.50	12.00	13.06	
2018	8	21	0	5	47	12.00	17.50	11.94	12.94	
2018	8	21	0	7	48	12.00	17.44	11.94	13.00	
2018	8	21	0	9	49	12.88	17.44	12.19	13.44	
2018	8	21	0	11	49	12.19	17.37	12.06	13.00	
2018	8	21	0	13	50	12.00	17.44	12.00	13.00	
2018	8	21	0	15	51	12.06	17.50	12.00	12.94	
2018	8	21	0	17	52	12.00	17.44	11.94	13.00	
2018	8	21	0	19	52	11.94	17.31	11.88	12.94	
2018	8	21	0	21	53	11.94	17.44	11.88	12.94	
2018	8	21	0	23	54	11.94	17.50	11.75	12.88	
2018	8	21	0	25	54	11.88	17.37	11.81	12.81	
2018	8	21	0	27	55	11.88	17.31	11.69	12.81	
2018	8	21	0	29	56	11.81	17.31	11.75	12.81	
2018	8	21	0	31	57	11.75	17.25	11.81	12.88	
2018	8	21	0	33	58	11.75	17.19	11.75	12.81	
2018	8	21	0	35	59	11.75	17.19	11.69	12.63	
2018	8	21	0	38	0	11.75	17.25	11.69	13.00	
2018	8	21	0	40	0	11.75	17.25	11.69	12.88	
2018	8	21	0	42	1	11.69	17.25	11.69	13.94	
2018	8	21	0	44	2	12.00	17.19	11.94	13.25	
2018	8	21	0	46	2	11.88	17.25	11.81	13.13	
2018	8	21	0	48	3	11.81	17.25	11.81	12.88	
2018	8	21	0	50	4	11.75	17.31	11.69	12.63	
2018	8	21	0	52	5	11.69	17.06	11.63	12.63	
2018	8	21	0	54	5	11.69	17.12	11.69	12.63	
2018	8	21	0	56	6	11.69	17.12	11.56	12.44	
2018	8	21	0	58	7	11.63	17.06	11.56	12.38	
2018	8	21	1	0	7	11.63	17.00	11.50	12.31	
2018	8	21	1	2	8	11.56	17.00	11.56	12.25	
2018	8	21	1	4	9	11.63	16.94	11.50	12.25	
2018	8	21	1	6	10	11.56	16.94	11.56	12.31	
2018	8	21	1	8	11	11.56	16.94	11.50	12.25	
2018	8	21	1	10	12	11.63	17.06	11.56	12.19	
2018	8	21	1	12	13	11.63	17.12	11.50	12.06	
2018	8	21	1	14	13	11.56	17.12	11.44	12.06	
2018	8	21	1	16	14	11.56	17.06	11.38	12.06	
2018	8	21	1	18	15	11.63	17.00	11.44	12.13	
2018	8	21	1	20	15	11.38	16.31	11.38	11.94	
2018	8	21	1	22	16	11.06	15.94	11.13	11.75	
2018	8	21	1	24	17	10.94	15.69	11.06	11.69	
2018	8	21	1	26	18	11.00	15.44	11.00	11.63	
2018	8	21	1	28	18	10.94	15.25	10.94	11.63	
2018	8	21	1	30	19	10.88	15.06	10.94	11.56	
2018	8	21	1	32	20	10.94	14.94	10.88	11.63	
2018	8	21	1	34	20	10.88	14.81	10.88	11.50	
2018	8	21	1	36	21	10.81	14.69	10.88	11.50	
2018	8	21	1	38	22	10.81	14.56	10.81	11.44	
2018	8	21	1	40	23	10.75	14.44	10.81	11.50	
2018	8	21	1	42	24	10.69	14.38	10.75	11.38	
2018	8	21	1	44	25	10.63	14.31	10.69	11.31	
2018	8	21	1	46	26	10.63	14.19	10.69	11.31	
2018	8	21	1	48	26	10.63	14.06	10.69	11.31	
2018	8	21	1	50	27	10.69	14.00	10.63	11.25	
2018	8	21	1	52	28	10.63	13.94	10.63	11.19	
2018	8	21	1	54	28	10.69	13.94	10.56	11.31	
2018	8	21	1	56	29	10.56	13.88	10.56	11.13	
2018	8	21	1	58	30	10.44	13.81	10.50	11.06	
2018	8	21	2	0	31	10.50	13.69	10.50	11.13	
2018	8	21	2	2	31	10.44	13.69	10.50	11.06	
2018	8	21	2	4	32	10.50	13.63	10.50	11.06	
2018	8	21	2	6	33	10.38	13.56	10.50	10.94	
2018	8	21	2	8	33	10.38	13.56	10.44	10.94	
2018	8	21	2	10	34	10.38	13.50	10.38	10.88	
2018	8	21	2	12	35	10.38	13.44	10.38	11.00	
2018	8	21	2	14	35	10.31	13.38	10.38	10.94	
2018	8	21	2	16	36	10.38	13.38	10.38	10.94	
2018	8	21	2	18	37	10.25	13.31	10.38	10.81	
2018	8	21	2	20	38	10.25	13.25	10.31	10.88	
2018	8	21	2	22	38	10.25	13.25	10.31	10.94	
2018	8	21	2	24	39	10.25	13.19	10.31	10.88	
2018	8	21	2	26	40	10.31	13.13	10.31	10.81	
2018	8	21	2	28	40	10.25	13.13	10.31	10.81	
2018	8	21	2	30	41	10.25	13.06	10.19	10.81	
2018	8	21	2	32	42	10.25	13.00	10.25	10.94	
2018	8	21	2	34	43	10.25	13.00	10.25	10.75	
2018	8	21	2	36	43	10.25	13.00	10.25	10.75	
2018	8	21	2	38	44	10.19	12.94	10.19	10.75	
2018	8	21	2	40	45	10.19	12.94	10.25	10.75	
2018	8	21	2	42	45	10.19	12.94	10.19	10.63	
2018	8	21	2	44	46	10.13	12.88	10.19	10.81	
2018	8	21	2	46	47	10.19	12.81	10.19	10.75	
2018	8	21	2	48	48	10.06	12.81	10.13	10.69	
2018	8	21	2	50	49	10.06	12.75	10.13	10.56	
2018	8	21	2	52	50	10.00	12.75	10.13	10.69	
2018	8	21	2	54	51	10.00	12.75	10.06	10.63	
2018	8	21	2	56	51	10.06	12.75	10.06	10.63	
2018	8	21	2	58	52	10.06	12.69	10.13	10.63	
2018	8	21	3	0	53	10.00	12.69	10.13	10.50	
2018	8	21	3	2	53	10.00	12.63	10.00	10.56	
2018	8	21	3	4	54	9.94	12.69	10.13	10.50	
2018	8	21	3	6	55	10.00	12.63	10.00	10.50	
2018	8	21	3	8	56	10.06	12.63	10.00	10.69	
2018	8	21	3	10	56	10.06	12.56	10.00	10.50	
2018	8	21	3	12	57	9.94	12.56	10.06	10.50	
2018	8	21	3	14	58	9.94	12.50	10.00	10.50	
2018	8	21	3	16	58	9.94	12.50	10.00	10.50	
2018	8	21	3	18	59	9.94	12.50	10.00	10.56	
2018	8	21	3	21	0	9.94	12.44	9.94	10.38	
2018	8	21	3	23	1	9.88	12.44	9.88	10.38	
2018	8	21	3	25	2	9.81	12.44	9.88	10.31	
2018	8	21	3	27	3	9.88	12.38	9.88	10.31	
2018	8	21	3	29	4	9.88	12.38	9.94	10.38	
2018	8	21	3	31	4	9.75	12.38	9.88	10.38	
2018	8	21	3	33	5	9.88	12.38	10.00	10.44	
2018	8	21	3	35	6	9.81	12.31	9.88	10.25	
2018	8	21	3	37	7	9.88	12.31	9.88	10.50	
2018	8	21	3	39	8	9.94	12.31	9.88	10.50	
2018	8	21	3	41	9	9.81	12.25	9.81	10.38	
2018	8	21	3	43	10	9.81	12.25	9.88	10.31	
2018	8	21	3	45	10	9.75	12.25	9.88	10.31	
2018	8	21	3	47	11	9.81	12.25	9.88	10.25	
2018	8	21	3	49	12	9.81	12.25	9.88	10.38	
2018	8	21	3	51	12	9.81	12.25	9.88	10.38	
2018	8	21	3	53	13	9.81	12.19	9.88	10.31	
2018	8	21	3	55	14	9.81	12.19	9.88	10.44	
2018	8	21	3	57	15	9.75	12.19	9.88	10.31	
2018	8	21	3	59	15	9.75	12.19	9.88	10.25	
2018	8	21	4	1	16	9.75	12.19	9.88	10.25	
2018	8	21	4	3	17	9.81	12.19	9.88	10.44	
2018	8	21	4	5	17	9.81	12.13	9.88	10.38	
2018	8	21	4	7	18	9.75	12.13	9.81	10.19	
2018	8	21	4	9	19	9.81	12.13	9.81	10.44	
2018	8	21	4	11	20	9.81	12.13	9.81	10.50	
2018	8	21	4	13	20	9.81	12.13	9.81	10.44	
2018	8	21	4	15	21	9.75	12.06	9.88	10.50	
2018	8	21	4	17	22	9.75	12.06	9.81	10.44	
2018	8	21	4	19	22	9.75	12.06	9.75	10.44	
2018	8	21	4	21	23	9.69	12.06	9.81	10.38	
2018	8	21	4	23	24	9.75	12.06	9.75	10.25	
2018	8	21	4	25	25	9.75	12.00	9.75	10.38	
2018	8	21	4	27	25	9.69	12.00	9.69	10.31	
2018	8	21	4	29	26	9.69	12.00	9.69	10.19	
2018	8	21	4	31	27	9.69	12.00	9.75	10.25	
2018	8	21	4	33	27	9.69	12.00	9.69	10.44	
2018	8	21	4	35	28	9.63	11.94	9.69	10.19	
2018	8	21	4	37	29	9.63	11.94	9.75	10.31	
2018	8	21	4	39	30	9.69	11.94	9.75	10.25	
2018	8	21	4	41	31	9.63	11.94	9.75	10.44	
2018	8	21	4	43	32	9.63	11.94	9.75	10.25	
2018	8	21	4	45	33	9.63	11.94	9.69	10.13	
2018	8	21	4	47	33	9.63	11.88	9.69	10.25	
2018	8	21	4	49	34	9.63	11.88	9.75	10.38	
2018	8	21	4	51	35	9.63	11.88	9.69	10.38	
2018	8	21	4	53	35	9.69	11.88	9.69	10.31	
2018	8	21	4	55	36	9.63	11.88	9.69	10.25	
2018	8	21	4	57	37	9.63	11.88	9.69	10.25	
2018	8	21	4	59	38	9.63	11.88	9.69	10.25	
2018	8	21	5	1	38	9.69	11.88	9.75	10.31	
2018	8	21	5	3	39	9.56	11.88	9.69	10.25	
2018	8	21	5	5	40	9.75	11.81	9.63	10.38	
2018	8	21	5	7	40	9.69	11.81	9.63	10.38	
2018	8	21	5	9	41	9.81	11.81	9.69	10.19	
2018	8	21	5	11	42	9.69	11.81	9.69	10.25	
2018	8	21	5	13	43	9.63	11.81	9.69	10.31	
2018	8	21	5	15	43	9.63	11.81	9.63	10.31	
2018	8	21	5	17	44	9.50	11.75	9.63	10.19	
2018	8	21	5	19	45	9.63	11.75	9.56	10.19	
2018	8	21	5	21	45	9.56	11.75	9.56	10.25	
2018	8	21	5	23	46	9.88	11.69	9.56	10.19	
2018	8	21	5	25	47	9.63	11.69	9.56	10.25	
2018	8	21	5	27	48	9.56	11.69	9.56	10.19	
2018	8	21	5	29	49	9.50	11.69	9.56	10.19	
2018	8	21	5	31	50	9.44	11.69	9.50	10.13	
2018	8	21	5	33	51	9.56	11.69	9.50	10.19	
2018	8	21	5	35	51	9.75	11.69	9.50	10.25	
2018	8	21	5	37	52	9.94	11.69	9.56	10.19	
2018	8	21	5	39	53	9.94	11.69	9.56	10.31	
2018	8	21	5	41	54	9.63	11.69	9.50	10.19	
2018	8	21	5	43	55	9.63	11.63	9.50	10.25	
2018	8	21	5	45	56	9.56	11.63	9.50	10.13	
2018	8	21	5	47	57	9.56	11.63	9.56	10.25	
2018	8	21	5	49	57	9.50	11.63	9.56	10.06	
2018	8	21	5	51	58	9.44	11.56	9.50	10.06	
2018	8	21	5	53	59	9.38	11.56	9.44	9.94	
2018	8	21	5	55	59	9.38	11.56	9.44	10.06	
2018	8	21	5	58	0	9.38	11.50	9.38	10.13	
2018	8	21	6	0	1	9.44	11.50	9.44	10.25	
2018	8	21	6	2	2	9.44	11.50	9.44	10.06	
2018	8	21	6	4	2	9.38	11.50	9.38	9.94	
2018	8	21	6	6	3	9.25	11.50	9.31	9.88	
2018	8	21	6	8	4	9.31	11.44	9.31	9.88	
2018	8	21	6	10	4	9.44	11.44	9.38	10.00	
2018	8	21	6	12	5	9.44	11.44	9.38	10.06	
2018	8	21	6	14	6	9.38	11.44	9.38	10.06	
2018	8	21	6	16	7	9.31	11.44	9.38	10.06	
2018	8	21	6	18	8	9.31	11.44	9.38	11.44	
2018	8	21	6	20	9	9.38	11.44	9.44	11.63	
2018	8	21	6	22	10	9.31	11.44	9.44	12.06	
2018	8	21	6	24	10	9.31	11.44	9.38	12.00	
2018	8	21	6	26	11	9.38	11.56	9.88	13.13	
2018	8	21	6	28	12	11.19	11.94	11.00	12.25	
2018	8	21	6	30	13	9.94	11.94	9.94	10.81	
2018	8	21	6	32	14	9.50	11.81	9.69	10.50	
2018	8	21	6	34	15	9.38	11.69	9.50	10.31	
2018	8	21	6	36	16	9.44	11.63	9.31	10.31	
2018	8	21	6	38	16	9.38	11.56	9.38	10.25	
2018	8	21	6	40	17	9.31	11.56	9.31	10.19	
2018	8	21	6	42	18	9.31	11.50	9.31	10.06	
2018	8	21	6	44	18	9.31	11.44	9.31	10.06	
2018	8	21	6	46	19	9.25	11.44	9.25	10.13	
2018	8	21	6	48	20	9.31	11.38	9.31	10.06	
2018	8	21	6	50	21	9.25	11.38	9.25	10.00	
2018	8	21	6	52	21	9.31	11.38	9.19	9.94	
2018	8	21	6	54	22	9.31	11.31	9.25	9.94	
2018	8	21	6	56	23	9.25	11.31	9.25	10.00	
2018	8	21	6	58	23	9.44	11.31	9.19	10.00	
2018	8	21	7	0	24	9.31	11.31	9.19	9.94	
2018	8	21	7	2	25	9.31	11.31	9.13	10.00	
2018	8	21	7	4	26	9.69	11.31	9.13	10.19	
2018	8	21	7	6	26	10.00	11.31	9.25	10.25	
2018	8	21	7	8	27	9.50	11.31	9.25	10.06	
2018	8	21	7	10	28	10.00	11.31	9.38	10.31	
2018	8	21	7	12	28	9.94	11.38	9.44	10.25	
2018	8	21	7	14	29	9.44	11.38	9.38	10.13	
2018	8	21	7	16	30	10.00	11.38	9.50	10.25	
2018	8	21	7	18	31	10.44	11.38	9.56	10.44	
2018	8	21	7	20	31	10.56	11.38	9.56	10.44	
2018	8	21	7	22	32	10.00	11.44	9.63	10.44	
2018	8	21	7	24	33	10.31	11.56	9.75	10.56	
2018	8	21	7	26	33	10.13	11.56	9.69	10.44	
2018	8	21	7	28	34	9.75	11.56	9.56	10.44	
2018	8	21	7	30	35	10.56	11.63	9.56	10.50	
2018	8	21	7	32	36	10.69	11.63	9.69	10.50	
2018	8	21	7	34	37	9.94	11.63	9.63	10.63	
2018	8	21	7	36	38	10.44	11.56	9.56	10.50	
2018	8	21	7	38	39	10.44	11.63	9.69	10.56	
2018	8	21	7	40	39	10.75	11.63	9.63	10.56	
2018	8	21	7	42	40	10.63	11.69	9.75	10.63	
2018	8	21	7	44	41	10.50	11.69	9.75	10.63	
2018	8	21	7	46	41	10.00	11.69	9.63	10.56	
2018	8	21	7	48	42	9.81	11.63	9.56	10.56	
2018	8	21	7	50	43	10.19	11.69	9.63	10.69	
2018	8	21	7	52	44	11.06	11.69	9.75	10.69	
2018	8	21	7	54	44	11.00	11.75	9.88	11.00	
2018	8	21	7	56	45	10.44	11.88	9.94	10.75	
2018	8	21	7	58	46	10.19	11.88	9.75	10.75	
2018	8	21	8	0	46	10.50	11.81	9.75	10.81	
2018	8	21	8	2	47	10.88	11.88	9.88	10.94	
2018	8	21	8	4	48	10.25	11.94	9.75	10.81	
2018	8	21	8	6	49	10.75	11.94	10.06	10.88	
2018	8	21	8	8	49	10.00	11.94	9.81	10.81	
2018	8	21	8	10	50	10.25	12.00	9.88	10.75	
2018	8	21	8	12	51	10.31	12.00	9.88	10.88	
2018	8	21	8	14	51	10.25	12.00	9.81	10.69	
2018	8	21	8	16	52	9.88	11.88	9.81	10.81	
2018	8	21	8	18	53	9.75	11.81	9.81	10.56	
2018	8	21	8	20	54	9.88	11.81	9.69	10.56	
2018	8	21	8	22	54	9.81	11.81	9.75	10.50	
2018	8	21	8	24	55	10.06	11.81	9.75	10.63	
2018	8	21	8	26	56	10.00	11.81	9.81	10.69	
2018	8	21	8	28	56	10.00	11.88	9.81	10.75	
2018	8	21	8	30	57	10.06	11.88	9.81	10.75	
2018	8	21	8	32	58	10.13	11.88	9.94	10.75	
2018	8	21	8	34	59	13.56	12.06	11.19	11.50	
2018	8	21	8	36	59	13.69	12.38	12.31	12.31	
2018	8	21	8	39	0	14.13	12.56	12.63	12.44	
2018	8	21	8	41	1	13.94	12.69	12.88	12.56	
2018	8	21	8	43	1	13.69	12.88	12.75	12.44	
2018	8	21	8	45	2	13.69	12.94	12.81	12.44	
2018	8	21	8	47	3	13.63	13.06	12.88	12.50	
2018	8	21	8	49	3	13.75	13.13	13.50	13.63	
2018	8	21	8	51	4	13.69	13.19	13.06	12.81	
2018	8	21	8	53	5	13.88	13.31	13.00	12.81	
2018	8	21	8	55	6	13.88	13.38	13.19	12.81	
2018	8	21	8	57	6	13.81	13.50	13.25	12.88	
2018	8	21	8	59	7	13.88	13.56	13.31	13.00	
2018	8	21	9	1	8	14.81	13.56	13.81	13.50	
2018	8	21	9	3	8	14.81	13.69	13.88	13.44	
2018	8	21	9	5	9	15.06	13.69	14.13	13.88	
2018	8	21	9	7	10	15.25	13.81	14.13	13.69	
2018	8	21	9	9	11	15.38	13.81	14.38	13.50	
2018	8	21	9	11	11	16.00	13.81	15.13	14.44	
2018	8	21	9	13	12	15.69	13.81	15.25	14.63	
2018	8	21	9	15	13	16.06	13.88	14.75	14.19	
2018	8	21	9	17	13	14.56	13.94	13.81	13.19	
2018	8	21	9	19	14	16.19	13.94	15.06	14.06	
2018	8	21	9	21	15	15.69	14.06	14.25	13.56	
2018	8	21	9	23	16	17.06	14.06	15.56	14.88	
2018	8	21	9	25	17	17.44	14.13	15.94	14.88	
2018	8	21	9	27	18	16.56	14.19	15.63	14.94	
2018	8	21	9	29	19	17.37	14.25	16.12	15.00	
2018	8	21	9	31	19	17.75	14.38	17.12	15.94	
2018	8	21	9	33	20	16.31	14.50	16.06	14.63	
2018	8	21	9	35	21	16.06	14.63	15.81	14.31	
2018	8	21	9	37	21	17.12	14.69	16.37	14.88	
2018	8	21	9	39	22	18.31	14.75	18.12	16.87	
2018	8	21	9	41	23	18.25	14.81	17.94	16.56	
2018	8	21	9	43	24	18.56	14.94	18.37	17.06	
2018	8	21	9	45	24	19.00	15.06	18.75	17.37	
2018	8	21	9	47	25	18.69	15.25	18.87	17.94	
2018	8	21	9	49	26	18.62	15.38	18.94	18.00	
2018	8	21	9	51	26	19.50	15.38	19.12	17.69	
2018	8	21	9	53	27	19.62	15.50	19.37	18.12	
2018	8	21	9	55	28	19.56	15.63	19.56	18.75	
2018	8	21	9	57	29	20.06	15.81	19.94	18.69	
2018	8	21	9	59	30	20.37	15.94	20.56	19.25	
2018	8	21	10	1	31	19.87	16.06	21.19	19.87	
2018	8	21	10	3	32	20.75	16.31	21.50	20.25	
2018	8	21	10	5	32	21.75	16.44	21.75	20.37	
2018	8	21	10	7	33	22.00	16.12	21.69	20.25	
2018	8	21	10	9	34	20.81	16.00	20.00	18.56	
2018	8	21	10	11	34	19.62	15.94	20.12	18.50	
2018	8	21	10	13	35	21.37	15.63	19.25	19.12	
2018	8	21	10	15	36	20.31	15.88	20.12	18.81	
2018	8	21	10	17	37	18.56	15.56	19.06	17.94	
2018	8	21	10	19	37	19.56	15.81	19.50	18.50	
2018	8	21	10	21	38	20.62	16.19	21.25	20.12	
2018	8	21	10	23	39	22.37	16.44	21.81	20.44	
2018	8	21	10	25	39	22.19	16.75	22.31	21.44	
2018	8	21	10	27	40	23.19	16.94	23.00	21.75	
2018	8	21	10	29	41	23.25	17.19	23.31	22.31	
2018	8	21	10	31	42	23.12	17.37	23.62	22.56	
2018	8	21	10	33	43	22.75	17.56	23.81	22.37	
2018	8	21	10	35	44	23.81	17.75	24.06	22.75	
2018	8	21	10	37	45	23.87	17.87	24.25	22.69	
2018	8	21	10	39	45	23.19	17.87	23.25	21.94	
2018	8	21	10	41	46	22.00	17.87	23.00	21.87	
2018	8	21	10	43	47	22.87	17.94	22.62	21.50	
2018	8	21	10	45	47	21.94	17.87	22.00	20.62	
2018	8	21	10	47	48	20.75	17.87	21.44	20.50	
2018	8	21	10	49	49	20.19	17.87	21.06	20.06	
2018	8	21	10	51	50	19.56	17.87	20.75	19.81	
2018	8	21	10	53	50	19.00	17.87	20.50	19.69	
2018	8	21	10	55	51	18.62	17.87	19.87	19.25	
2018	8	21	10	57	52	19.06	17.81	19.19	18.81	
2018	8	21	10	59	52	19.56	17.81	18.81	18.44	
2018	8	21	11	1	53	19.37	17.50	17.56	17.25	
2018	8	21	11	3	54	19.56	17.44	17.12	16.69	
2018	8	21	11	5	55	19.87	17.31	16.81	16.37	
2018	8	21	11	7	56	19.25	17.06	16.62	16.19	
2018	8	21	11	9	57	19.00	17.06	16.62	16.12	
2018	8	21	11	11	58	19.50	17.12	17.69	16.31	
2018	8	21	11	13	58	18.37	16.87	16.87	13.25	
2018	8	21	11	15	59	18.31	16.69	17.31	15.25	
2018	8	21	11	18	0	17.19	16.56	17.25	14.94	
2018	8	21	11	20	0	17.75	16.50	16.94	15.81	
2018	8	21	11	22	1	16.06	16.31	16.31	15.13	
2018	8	21	11	24	2	17.06	16.00	15.69	14.69	
2018	8	21	11	26	3	15.75	16.19	15.50	15.19	
2018	8	21	11	28	3	13.75	15.56	14.50	13.75	
2018	8	21	11	30	4	13.94	15.50	15.06	13.50	
2018	8	21	11	32	5	14.81	15.63	15.75	14.25	
2018	8	21	11	34	5	14.75	15.56	15.38	14.38	
2018	8	21	11	36	6	15.25	15.75	15.19	15.13	
2018	8	21	11	38	7	15.19	15.75	14.81	14.94	
2018	8	21	11	40	8	15.38	15.88	14.88	14.88	
2018	8	21	11	42	9	14.06	15.88	14.38	14.31	
2018	8	21	11	44	10	14.06	15.56	14.31	15.00	
2018	8	21	11	46	11	15.44	15.75	15.06	15.94	
2018	8	21	11	48	11	15.75	15.94	15.31	15.88	
2018	8	21	11	50	12	16.00	16.06	15.50	16.00	
2018	8	21	11	52	13	15.88	16.19	15.63	16.06	
2018	8	21	11	54	13	15.63	16.25	15.38	15.88	
2018	8	21	11	56	14	15.69	16.31	15.31	16.00	
2018	8	21	11	58	15	15.81	16.37	15.38	16.00	
2018	8	21	12	0	16	15.69	16.37	15.31	16.00	
2018	8	21	12	2	16	15.44	16.37	15.31	15.88	
2018	8	21	12	4	17	15.38	16.31	15.13	15.88	
2018	8	21	12	6	18	15.56	16.37	15.25	15.88	
2018	8	21	12	8	18	15.63	16.44	15.31	16.12	
2018	8	21	12	10	19	15.88	16.50	15.44	16.12	
2018	8	21	12	12	20	15.88	16.56	15.44	16.12	
2018	8	21	12	14	21	15.69	16.62	15.44	16.06	
2018	8	21	12	16	22	15.63	16.62	15.50	16.00	
2018	8	21	12	18	23	15.44	16.62	15.38	16.00	
2018	8	21	12	20	24	15.50	16.62	15.31	16.00	
2018	8	21	12	22	24	15.75	16.62	15.38	16.00	
2018	8	21	12	24	25	15.63	16.69	15.44	16.00	
2018	8	21	12	26	26	15.56	16.69	15.50	16.06	
2018	8	21	12	28	26	15.56	16.75	15.44	16.19	
2018	8	21	12	30	27	15.56	16.75	15.44	16.12	
2018	8	21	12	32	28	15.94	16.75	15.56	16.12	
2018	8	21	12	34	29	15.94	16.69	15.63	16.06	
2018	8	21	12	36	29	15.88	16.69	15.44	16.00	
2018	8	21	12	38	30	15.94	16.75	15.75	16.06	
2018	8	21	12	40	31	16.00	16.75	15.88	16.25	
2018	8	21	12	42	31	16.12	16.75	15.88	16.12	
2018	8	21	12	44	32	16.31	16.81	16.06	16.12	
2018	8	21	12	46	33	14.38	16.31	14.31	13.31	
2018	8	21	12	48	34	14.94	16.06	14.38	14.19	
2018	8	21	12	50	35	16.50	15.81	15.56	15.13	
2018	8	21	12	52	36	17.12	16.19	15.75	15.31	
2018	8	21	12	54	37	18.37	16.25	16.12	15.81	
2018	8	21	12	56	37	19.94	16.31	16.37	16.37	
2018	8	21	12	58	38	21.31	16.50	17.37	17.06	
2018	8	21	13	0	39	21.87	16.62	17.94	17.56	
2018	8	21	13	2	39	22.00	16.69	18.25	17.81	
2018	8	21	13	4	40	22.50	16.81	18.87	18.12	
2018	8	21	13	6	41	22.69	17.00	19.31	18.75	
2018	8	21	13	8	42	23.19	17.12	19.75	19.12	
2018	8	21	13	10	42	24.37	17.37	20.44	19.69	
2018	8	21	13	12	43	24.75	17.62	21.94	20.44	
2018	8	21	13	14	44	25.62	17.87	24.25	21.81	
2018	8	21	13	16	44	25.75	18.25	25.37	21.81	
2018	8	21	13	18	45	26.44	18.56	27.44	22.94	
2018	8	21	13	20	46	27.81	18.94	29.06	24.69	
2018	8	21	13	22	46	28.62	19.44	30.37	27.37	
2018	8	21	13	24	47	29.19	19.81	31.25	28.62	
2018	8	21	13	26	48	30.75	20.25	32.06	30.00	
2018	8	21	13	28	49	31.62	20.94	33.19	31.37	
2018	8	21	13	30	49	32.81	21.62	34.13	32.50	
2018	8	21	13	32	50	33.75	22.19	34.69	33.06	
2018	8	21	13	34	51	33.75	22.62	34.94	33.44	
2018	8	21	13	36	51	34.06	23.06	35.25	33.69	
2018	8	21	13	38	52	34.31	23.44	35.56	33.94	
2018	8	21	13	40	53	35.13	23.94	36.31	34.81	
2018	8	21	13	42	53	35.50	24.31	36.50	35.13	
2018	8	21	13	44	54	35.75	24.69	36.81	35.19	
2018	8	21	13	46	55	35.81	25.12	37.31	35.94	
2018	8	21	13	48	56	36.25	25.44	37.50	36.13	
2018	8	21	13	50	57	36.44	25.75	37.81	36.31	
2018	8	21	13	52	58	36.25	26.06	37.75	36.56	
2018	8	21	13	54	59	36.88	26.37	38.13	36.81	
2018	8	21	13	56	59	36.63	26.62	37.81	36.75	
2018	8	21	13	59	0	36.75	26.81	38.19	36.94	
2018	8	21	14	1	1	36.88	27.06	38.25	37.13	
2018	8	21	14	3	1	37.00	27.31	38.38	37.19	
2018	8	21	14	5	2	37.25	27.56	38.75	37.63	
2018	8	21	14	7	3	37.44	27.87	39.13	38.13	
2018	8	21	14	9	3	37.31	28.12	39.06	38.06	
2018	8	21	14	11	4	37.19	28.19	38.56	37.63	
2018	8	21	14	13	5	37.13	28.31	38.38	37.50	
2018	8	21	14	15	6	37.06	28.44	38.06	37.31	
2018	8	21	14	17	7	36.69	28.50	37.88	37.00	
2018	8	21	14	19	8	36.38	28.56	37.25	36.25	
2018	8	21	14	21	9	30.06	26.81	31.56	29.94	
2018	8	21	14	23	9	30.62	26.19	31.94	31.19	
2018	8	21	14	25	10	31.25	26.75	32.94	33.44	
2018	8	21	14	27	11	32.19	27.12	33.50	33.13	
2018	8	21	14	29	11	31.75	26.94	32.38	31.19	
2018	8	21	14	31	12	30.94	27.12	32.31	31.69	
2018	8	21	14	33	13	23.69	24.75	26.12	27.19	
2018	8	21	14	35	13	23.37	25.00	27.87	28.75	
2018	8	21	14	37	14	25.06	25.50	29.94	30.81	
2018	8	21	14	39	15	28.12	25.69	31.19	31.19	
2018	8	21	14	41	15	30.06	26.00	32.00	32.25	
2018	8	21	14	43	16	24.69	26.25	31.44	31.31	
2018	8	21	14	45	17	31.06	26.50	33.56	33.13	
2018	8	21	14	47	18	33.69	26.94	35.00	34.50	
2018	8	21	14	49	18	30.37	27.19	34.25	33.75	
2018	8	21	14	51	19	29.81	27.31	34.38	33.44	
2018	8	21	14	53	20	32.13	27.50	34.69	33.94	
2018	8	21	14	55	20	30.56	27.69	34.63	34.31	
2018	8	21	14	57	21	24.75	27.75	30.75	32.13	
2018	8	21	14	59	22	32.38	27.75	33.94	33.44	
2018	8	21	15	1	22	30.75	27.94	33.94	33.69	
2018	8	21	15	3	23	29.19	28.06	33.88	33.13	
2018	8	21	15	5	24	33.13	28.25	34.81	34.31	
2018	8	21	15	7	24	32.31	28.44	34.56	34.19	
2018	8	21	15	9	25	33.56	28.56	35.63	34.69	
2018	8	21	15	11	26	31.00	28.62	34.75	33.88	
2018	8	21	15	13	26	33.25	28.50	35.00	34.31	
2018	8	21	15	15	27	31.44	27.37	33.25	31.44	
2018	8	21	15	17	28	27.62	25.62	29.81	29.19	
2018	8	21	15	19	29	29.00	25.81	31.06	31.31	
2018	8	21	15	21	29	29.94	26.19	32.06	29.75	
2018	8	21	15	23	30	29.69	25.94	31.75	30.69	
2018	8	21	15	25	31	27.50	25.19	30.50	29.19	
2018	8	21	15	27	31	27.94	25.44	31.62	30.81	
2018	8	21	15	29	32	26.31	24.87	30.37	29.69	
2018	8	21	15	31	33	25.44	24.75	28.12	26.00	
2018	8	21	15	33	33	21.75	23.75	26.00	24.56	
2018	8	21	15	35	34	21.12	22.50	26.12	24.44	
2018	8	21	15	37	35	20.56	22.19	24.94	21.81	
2018	8	21	15	39	36	23.12	22.12	23.87	20.06	
2018	8	21	15	41	37	20.19	21.62	25.00	24.50	
2018	8	21	15	43	38	21.87	22.44	25.25	26.25	
2018	8	21	15	45	39	19.69	21.37	21.62	18.56	
2018	8	21	15	47	39	18.81	20.25	22.37	20.25	
2018	8	21	15	49	40	20.06	20.62	23.87	21.50	
2018	8	21	15	51	41	18.12	19.81	21.69	19.81	
2018	8	21	15	53	41	18.12	19.62	22.19	21.69	
2018	8	21	15	55	42	20.81	20.44	25.12	24.06	
2018	8	21	15	57	43	21.25	21.06	24.62	22.37	
2018	8	21	15	59	44	22.69	21.62	26.50	26.25	
2018	8	21	16	1	45	19.31	20.87	24.06	21.81	
2018	8	21	16	3	46	18.94	20.31	22.12	18.44	
2018	8	21	16	5	47	20.50	20.50	23.62	21.94	
2018	8	21	16	7	47	18.81	19.87	21.00	18.50	
2018	8	21	16	9	48	16.94	19.50	20.62	18.87	
2018	8	21	16	11	49	21.37	20.81	25.12	24.62	
2018	8	21	16	13	49	23.19	21.62	26.62	26.81	
2018	8	21	16	15	50	23.87	22.12	27.50	26.75	
2018	8	21	16	17	51	23.75	22.50	27.75	27.06	
2018	8	21	16	19	51	23.37	22.81	27.25	26.56	
2018	8	21	16	21	52	23.25	23.06	26.87	26.62	
2018	8	21	16	23	53	23.25	23.31	26.87	26.56	
2018	8	21	16	25	54	23.25	23.50	26.19	26.50	
2018	8	21	16	27	54	22.69	23.56	26.12	26.12	
2018	8	21	16	29	55	22.19	23.62	25.62	25.87	
2018	8	21	16	31	56	22.31	23.69	25.31	25.62	
2018	8	21	16	33	56	22.12	23.62	24.94	25.25	
2018	8	21	16	35	57	21.69	23.69	24.37	24.69	
2018	8	21	16	37	58	21.12	23.50	23.50	24.25	
2018	8	21	16	39	58	20.62	23.19	22.69	23.19	
2018	8	21	16	41	59	20.00	23.00	21.81	22.25	
2018	8	21	16	44	0	19.69	22.75	20.81	21.69	
2018	8	21	16	46	1	18.87	22.31	20.12	20.87	
2018	8	21	16	48	1	18.62	22.19	19.56	20.50	
2018	8	21	16	50	2	18.06	21.94	18.94	20.19	
2018	8	21	16	52	3	17.62	21.25	18.12	19.44	
2018	8	21	16	54	3	17.31	20.81	17.50	18.56	
2018	8	21	16	56	4	17.06	20.87	17.37	18.56	
2018	8	21	16	58	5	16.87	20.56	17.37	18.44	
2018	8	21	17	0	5	16.87	20.44	17.00	18.25	
2018	8	21	17	2	6	16.94	20.62	17.19	18.25	
2018	8	21	17	4	7	17.25	20.69	17.37	18.31	
2018	8	21	17	6	8	17.19	20.62	17.44	18.31	
2018	8	21	17	8	8	17.37	20.62	17.31	18.25	
2018	8	21	17	10	9	17.19	20.50	17.25	18.06	
2018	8	21	17	12	10	17.19	20.44	17.19	18.12	
2018	8	21	17	14	10	17.06	20.50	17.06	17.87	
2018	8	21	17	16	11	16.69	20.37	16.87	17.81	
2018	8	21	17	18	12	16.94	20.31	16.87	17.69	
2018	8	21	17	20	12	16.87	20.31	16.81	17.69	
2018	8	21	17	22	13	16.81	20.25	16.81	17.69	
2018	8	21	17	24	14	16.81	20.19	16.81	17.56	
2018	8	21	17	26	15	16.44	20.12	16.62	17.44	
2018	8	21	17	28	16	16.50	20.00	16.62	17.25	
2018	8	21	17	30	17	16.37	20.00	16.62	17.12	
2018	8	21	17	32	18	16.44	19.87	16.50	17.25	
2018	8	21	17	34	18	16.44	19.81	16.37	17.19	
2018	8	21	17	36	19	16.50	19.81	16.44	17.12	
2018	8	21	17	38	20	16.25	19.75	16.19	16.87	
2018	8	21	17	40	20	16.31	19.62	16.12	16.87	
2018	8	21	17	42	21	16.12	19.56	16.12	16.81	
2018	8	21	17	44	22	16.31	19.50	16.12	16.87	
2018	8	21	17	46	23	16.12	19.50	16.00	16.69	
2018	8	21	17	48	23	16.00	19.44	15.81	16.50	
2018	8	21	17	50	24	16.12	19.31	15.88	16.50	
2018	8	21	17	52	25	16.12	19.19	15.81	16.37	
2018	8	21	17	54	25	15.81	19.12	15.63	16.31	
2018	8	21	17	56	26	15.56	19.00	15.50	16.19	
2018	8	21	17	58	27	15.25	18.87	15.38	15.94	
2018	8	21	18	0	27	15.50	18.69	15.31	15.88	
2018	8	21	18	2	28	15.31	18.62	15.31	15.81	
2018	8	21	18	4	29	15.38	18.56	15.31	15.75	
2018	8	21	18	6	30	15.31	18.50	15.19	15.75	
2018	8	21	18	8	30	15.19	18.37	15.06	15.63	
2018	8	21	18	10	31	15.50	18.37	15.13	15.81	
2018	8	21	18	12	32	15.56	18.44	15.38	16.56	
2018	8	21	18	14	32	15.50	18.37	15.19	15.81	
2018	8	21	18	16	33	15.38	18.44	15.13	15.75	
2018	8	21	18	18	34	15.44	18.37	15.25	15.81	
2018	8	21	18	20	35	15.44	18.31	15.19	15.75	
2018	8	21	18	22	36	15.38	18.31	15.13	15.69	
2018	8	21	18	24	37	15.19	18.19	14.94	15.56	
2018	8	21	18	26	38	15.00	18.12	14.88	15.38	
2018	8	21	18	28	38	15.19	18.06	14.88	15.50	
2018	8	21	18	30	39	15.13	17.94	14.81	15.38	
2018	8	21	18	32	40	15.06	17.94	14.81	15.44	
2018	8	21	18	34	40	14.94	17.87	14.81	15.31	
2018	8	21	18	36	41	15.38	17.81	14.81	15.44	
2018	8	21	18	38	42	14.94	17.75	14.75	15.25	
2018	8	21	18	40	43	15.19	17.75	14.75	15.31	
2018	8	21	18	42	43	15.00	17.69	14.75	15.31	
2018	8	21	18	44	44	15.06	17.69	14.75	15.38	
2018	8	21	18	46	45	15.00	17.75	14.69	15.38	
2018	8	21	18	48	45	15.00	17.69	14.81	15.31	
2018	8	21	18	50	46	15.00	17.69	14.69	15.25	
2018	8	21	18	52	47	15.19	17.62	14.75	15.31	
2018	8	21	18	54	48	15.25	17.62	14.75	15.38	
2018	8	21	18	56	49	15.13	17.56	14.81	15.38	
2018	8	21	18	58	50	15.00	17.50	14.75	15.25	
2018	8	21	19	0	51	15.13	17.56	14.69	15.31	
2018	8	21	19	2	51	15.13	17.50	14.81	15.38	
2018	8	21	19	4	52	15.13	17.50	14.69	15.19	
2018	8	21	19	6	53	15.00	17.50	14.69	15.19	
2018	8	21	19	8	53	15.13	17.44	14.63	15.25	
2018	8	21	19	10	54	15.06	17.44	14.69	15.19	
2018	8	21	19	12	55	15.00	17.37	14.63	15.13	
2018	8	21	19	14	56	15.00	17.37	14.63	15.13	
2018	8	21	19	16	57	14.94	17.31	14.63	15.13	
2018	8	21	19	18	58	15.19	17.31	14.63	15.19	
2018	8	21	19	20	59	14.94	17.25	14.69	15.13	
2018	8	21	19	22	59	14.94	17.19	14.56	15.13	
2018	8	21	19	25	0	14.69	17.25	14.50	14.94	
2018	8	21	19	27	1	14.94	17.25	14.44	15.00	
2018	8	21	19	29	1	14.88	17.25	14.44	14.94	
2018	8	21	19	31	2	14.94	17.19	14.38	14.94	
2018	8	21	19	33	3	14.75	17.12	14.38	14.88	
2018	8	21	19	35	4	14.94	17.12	14.44	15.00	
2018	8	21	19	37	4	14.81	17.12	14.44	15.19	
2018	8	21	19	39	5	14.69	17.25	14.69	15.69	
2018	8	21	19	41	6	14.69	17.44	14.88	15.81	
2018	8	21	19	43	6	14.88	17.56	15.13	16.56	
2018	8	21	19	45	7	14.88	17.69	15.25	16.87	
2018	8	21	19	47	8	14.88	17.81	15.31	16.62	
2018	8	21	19	49	9	15.06	18.06	15.50	16.81	
2018	8	21	19	51	10	15.00	18.12	15.38	17.00	
2018	8	21	19	53	11	14.88	18.19	15.38	16.75	
2018	8	21	19	55	12	14.94	18.19	15.25	16.94	
2018	8	21	19	57	12	15.00	18.31	15.44	17.00	
2018	8	21	19	59	13	14.88	18.37	15.31	17.19	
2018	8	21	20	1	14	15.00	18.37	15.31	17.31	
2018	8	21	20	3	14	14.94	18.44	15.31	16.94	
2018	8	21	20	5	15	14.88	18.44	15.25	17.19	
2018	8	21	20	7	16	15.00	18.50	15.25	16.81	
2018	8	21	20	9	17	14.81	18.50	15.25	17.25	
2018	8	21	20	11	18	14.94	18.50	15.38	17.37	
2018	8	21	20	13	19	15.06	18.69	15.50	17.37	
2018	8	21	20	15	20	14.94	18.69	15.38	17.25	
2018	8	21	20	17	20	14.94	18.62	15.44	17.19	
2018	8	21	20	19	21	14.88	18.69	15.50	17.12	
2018	8	21	20	21	22	15.00	18.75	15.31	17.00	
2018	8	21	20	23	22	15.06	18.69	15.44	17.37	
2018	8	21	20	25	23	15.00	18.69	15.50	17.19	
2018	8	21	20	27	24	15.13	18.81	15.44	17.06	
2018	8	21	20	29	25	15.13	18.81	15.44	17.19	
2018	8	21	20	31	25	15.13	18.87	15.38	16.94	
2018	8	21	20	33	26	14.94	18.81	15.19	17.00	
2018	8	21	20	35	27	15.06	18.94	15.38	17.31	
2018	8	21	20	37	27	15.00	18.94	15.31	17.19	
2018	8	21	20	39	28	15.06	18.87	15.44	17.31	
2018	8	21	20	41	29	15.06	19.00	15.44	17.06	
2018	8	21	20	43	30	15.06	18.87	15.31	17.25	
2018	8	21	20	45	31	14.94	18.94	15.31	17.06	
2018	8	21	20	47	32	15.06	18.94	15.31	17.12	
2018	8	21	20	49	33	15.00	18.94	15.31	17.19	
2018	8	21	20	51	33	15.00	19.00	15.38	17.25	
2018	8	21	20	53	34	15.13	19.06	15.50	17.25	
2018	8	21	20	55	35	15.00	19.00	15.25	17.19	
2018	8	21	20	57	35	14.94	18.94	15.31	17.00	
2018	8	21	20	59	36	15.06	19.00	15.38	17.25	
2018	8	21	21	1	37	15.00	19.00	15.38	17.25	
2018	8	21	21	3	38	15.00	19.00	15.31	17.00	
2018	8	21	21	5	39	15.13	19.06	15.38	17.06	
2018	8	21	21	7	40	15.13	19.12	15.31	17.25	
2018	8	21	21	9	41	15.13	19.12	15.44	17.31	
2018	8	21	21	11	41	15.13	19.06	15.44	17.06	
2018	8	21	21	13	42	15.19	19.00	15.31	17.12	
2018	8	21	21	15	43	15.06	19.06	15.31	17.31	
2018	8	21	21	17	43	15.06	19.06	15.31	17.31	
2018	8	21	21	19	44	14.94	19.06	15.25	17.06	
2018	8	21	21	21	45	15.13	19.06	15.31	17.19	
2018	8	21	21	23	46	15.06	19.12	15.25	17.12	
2018	8	21	21	25	47	14.88	19.19	15.25	17.12	
2018	8	21	21	27	48	14.88	19.00	15.19	17.25	
2018	8	21	21	29	49	15.25	19.19	15.38	17.06	
2018	8	21	21	31	49	15.13	19.12	15.25	17.12	
2018	8	21	21	33	50	15.00	19.19	15.38	17.12	
2018	8	21	21	35	51	15.00	19.06	15.38	17.00	
2018	8	21	21	37	51	15.13	19.06	15.25	17.12	
2018	8	21	21	39	52	15.00	19.12	15.31	17.19	
2018	8	21	21	41	53	14.88	19.06	15.38	17.12	
2018	8	21	21	43	54	16.00	19.44	16.75	18.44	
2018	8	21	21	45	55	15.88	19.44	16.00	17.69	
2018	8	21	21	47	56	15.38	19.37	15.56	17.44	
2018	8	21	21	49	57	15.13	19.25	15.38	17.31	
2018	8	21	21	51	57	15.13	19.19	15.19	17.25	
2018	8	21	21	53	58	15.00	19.19	15.13	17.12	
2018	8	21	21	55	59	14.88	19.12	15.19	17.25	
2018	8	21	21	57	59	14.94	19.19	15.13	17.31	
2018	8	21	22	0	0	14.94	19.12	15.13	17.19	
2018	8	21	22	2	1	14.94	19.12	15.13	16.94	
2018	8	21	22	4	2	15.00	19.12	15.25	17.19	
2018	8	21	22	6	2	14.88	19.12	15.13	17.25	
2018	8	21	22	8	3	14.94	19.12	15.25	17.19	
2018	8	21	22	10	4	14.94	19.06	15.25	17.25	
2018	8	21	22	12	4	14.94	19.12	15.25	17.25	
2018	8	21	22	14	5	14.88	19.12	15.13	17.25	
2018	8	21	22	16	6	14.88	19.06	15.06	17.19	
2018	8	21	22	18	6	14.81	19.06	15.00	17.00	
2018	8	21	22	20	7	14.88	19.06	15.06	17.06	
2018	8	21	22	22	8	14.75	19.00	15.00	17.12	
2018	8	21	22	24	9	14.81	19.06	15.00	17.06	
2018	8	21	22	26	9	14.81	19.00	15.06	17.12	
2018	8	21	22	28	10	14.81	19.06	14.94	17.19	
2018	8	21	22	30	11	14.75	19.12	15.00	17.12	
2018	8	21	22	32	11	14.75	19.06	14.88	16.94	
2018	8	21	22	34	12	14.63	18.94	14.88	17.06	
2018	8	21	22	36	13	14.69	19.06	14.88	16.87	
2018	8	21	22	38	14	14.69	19.00	14.88	17.00	
2018	8	21	22	40	15	14.69	19.00	14.94	17.00	
2018	8	21	22	42	16	14.63	19.00	14.94	17.00	
2018	8	21	22	44	17	14.75	18.94	15.00	17.06	
2018	8	21	22	46	17	14.69	19.00	14.81	17.00	
2018	8	21	22	48	18	14.63	19.00	14.81	16.94	
2018	8	21	22	50	19	14.63	18.94	14.75	17.00	
2018	8	21	22	52	19	14.56	19.00	14.94	16.87	
2018	8	21	22	54	20	14.69	18.87	14.94	17.12	
2018	8	21	22	56	21	14.63	18.94	14.81	17.06	
2018	8	21	22	58	22	14.63	18.94	14.88	17.00	
2018	8	21	23	0	23	14.56	18.94	14.88	17.06	
2018	8	21	23	2	24	14.56	18.94	14.69	17.06	
2018	8	21	23	4	25	15.19	19.12	15.38	17.19	
2018	8	21	23	6	25	14.69	19.06	15.00	17.00	
2018	8	21	23	8	26	14.63	18.87	14.94	16.87	
2018	8	21	23	10	27	14.50	18.87	14.94	16.75	
2018	8	21	23	12	27	14.44	18.87	14.81	16.62	
2018	8	21	23	14	28	14.44	18.81	14.69	16.44	
2018	8	21	23	16	29	14.38	18.75	14.63	16.62	
2018	8	21	23	18	30	14.38	18.69	14.63	16.62	
2018	8	21	23	20	31	14.38	18.69	14.69	16.56	
2018	8	21	23	22	32	14.38	18.69	14.81	16.69	
2018	8	21	23	24	33	14.44	18.75	14.81	16.69	
2018	8	21	23	26	33	14.38	18.69	14.75	16.69	
2018	8	21	23	28	34	14.38	18.75	14.81	16.81	
2018	8	21	23	30	35	14.44	18.69	14.75	16.69	
2018	8	21	23	32	35	14.44	18.69	14.81	16.75	
2018	8	21	23	34	36	14.38	18.69	14.63	16.62	
2018	8	21	23	36	37	14.31	18.75	14.69	16.56	
2018	8	21	23	38	38	14.25	18.56	14.56	16.44	
2018	8	21	23	40	38	14.19	18.56	14.56	16.50	
2018	8	21	23	42	39	14.19	18.56	14.63	16.62	
2018	8	21	23	44	40	14.25	18.62	14.69	16.56	
2018	8	21	23	46	40	14.25	18.56	14.63	16.50	
2018	8	21	23	48	41	14.19	18.56	14.50	16.37	
2018	8	21	23	50	42	14.19	18.56	14.56	16.56	
2018	8	21	23	52	42	14.25	18.56	14.63	16.56	
2018	8	21	23	54	43	14.25	18.62	14.50	16.50	
2018	8	21	23	56	44	14.25	18.69	14.56	16.50	
2018	8	21	23	58	45	14.25	18.69	14.50	16.44	
2018	8	22	0	0	45	14.19	18.62	14.63	16.56	
2018	8	22	0	2	46	14.44	18.69	14.69	16.50	
2018	8	22	0	4	47	14.31	18.62	14.63	16.62	
2018	8	22	0	6	47	14.25	18.56	14.69	16.56	
2018	8	22	0	8	48	14.31	18.56	14.69	16.56	
2018	8	22	0	10	49	14.31	18.56	14.75	16.62	
2018	8	22	0	12	50	14.31	18.62	14.75	16.56	
2018	8	22	0	14	51	14.38	18.62	14.75	16.62	
2018	8	22	0	16	52	14.25	18.56	14.69	16.56	
2018	8	22	0	18	53	14.38	18.62	14.75	16.62	
2018	8	22	0	20	53	14.38	18.56	14.69	16.50	
2018	8	22	0	22	54	14.31	18.56	14.81	16.62	
2018	8	22	0	24	55	14.38	18.56	14.75	16.56	
2018	8	22	0	26	55	14.31	18.56	14.75	16.50	
2018	8	22	0	28	56	14.38	18.56	14.75	16.62	
2018	8	22	0	30	57	14.31	18.50	14.75	16.62	
2018	8	22	0	32	58	14.31	18.56	14.75	16.56	
2018	8	22	0	34	59	14.31	18.56	14.69	16.62	
2018	8	22	0	37	0	14.38	18.56	14.81	16.62	
2018	8	22	0	39	1	14.44	18.50	14.81	16.75	
2018	8	22	0	41	1	14.44	18.56	14.75	16.62	
2018	8	22	0	43	2	14.38	18.56	14.75	16.62	
2018	8	22	0	45	3	14.44	18.50	14.56	16.56	
2018	8	22	0	47	3	14.44	18.50	14.75	16.62	
2018	8	22	0	49	4	14.38	18.50	14.81	16.56	
2018	8	22	0	51	5	14.44	18.56	14.88	16.62	
2018	8	22	0	53	6	14.44	18.44	14.75	16.62	
2018	8	22	0	55	6	14.38	18.50	14.75	16.62	
2018	8	22	0	57	7	14.38	18.50	14.88	16.75	
2018	8	22	0	59	8	14.31	18.56	14.69	16.56	
2018	8	22	1	1	8	14.19	18.44	14.56	16.44	
2018	8	22	1	3	9	14.13	18.50	14.44	16.44	
2018	8	22	1	5	10	14.00	18.37	14.38	16.19	
2018	8	22	1	7	10	14.00	18.37	14.38	16.06	
2018	8	22	1	9	11	13.94	18.31	14.31	16.19	
2018	8	22	1	11	12	13.94	18.44	14.31	16.31	
2018	8	22	1	13	13	15.06	18.44	15.13	17.25	
2018	8	22	1	15	13	14.06	18.06	14.31	15.13	
2018	8	22	1	17	14	13.56	17.62	13.81	14.63	
2018	8	22	1	19	15	13.31	17.37	13.50	14.94	
2018	8	22	1	21	15	13.19	17.19	13.31	14.75	
2018	8	22	1	23	16	13.06	17.00	13.13	14.44	
2018	8	22	1	25	17	12.94	16.81	13.06	14.50	
2018	8	22	1	27	18	12.88	16.75	13.00	14.06	
2018	8	22	1	29	19	12.75	16.56	12.88	13.81	
2018	8	22	1	31	20	12.75	16.50	12.75	13.88	
2018	8	22	1	33	21	12.69	16.44	12.75	13.56	
2018	8	22	1	35	21	12.69	16.37	12.69	13.75	
2018	8	22	1	37	22	12.63	16.25	12.63	13.50	
2018	8	22	1	39	23	12.56	16.19	12.56	13.56	
2018	8	22	1	41	23	12.50	16.06	12.50	13.50	
2018	8	22	1	43	24	12.44	16.00	12.44	13.38	
2018	8	22	1	45	25	12.44	16.00	12.38	13.38	
2018	8	22	1	47	26	12.38	15.88	12.38	13.31	
2018	8	22	1	49	26	12.38	15.81	12.31	13.31	
2018	8	22	1	51	27	12.31	15.75	12.25	13.19	
2018	8	22	1	53	28	12.31	15.69	12.25	13.19	
2018	8	22	1	55	28	12.25	15.56	12.19	13.06	
2018	8	22	1	57	29	12.19	15.56	12.19	13.00	
2018	8	22	1	59	30	12.19	15.56	12.13	13.00	
2018	8	22	2	1	31	12.19	15.50	12.06	12.94	
2018	8	22	2	3	32	12.13	15.44	12.06	12.88	
2018	8	22	2	5	33	12.06	15.31	12.06	12.88	
2018	8	22	2	7	34	12.06	15.25	12.00	12.75	
2018	8	22	2	9	34	12.00	15.25	12.00	12.81	
2018	8	22	2	11	35	12.00	15.25	12.00	12.81	
2018	8	22	2	13	36	11.94	15.19	11.94	12.69	
2018	8	22	2	15	36	11.94	15.06	11.94	12.63	
2018	8	22	2	17	37	11.94	15.06	11.88	12.56	
2018	8	22	2	19	38	11.88	15.00	11.88	12.56	
2018	8	22	2	21	39	11.88	15.00	11.88	12.56	
2018	8	22	2	23	39	11.81	14.94	11.81	12.44	
2018	8	22	2	25	40	11.81	14.94	11.81	12.50	
2018	8	22	2	27	41	11.81	14.88	11.81	12.44	
2018	8	22	2	29	41	11.75	14.88	11.75	12.44	
2018	8	22	2	31	42	11.81	14.81	11.75	12.44	
2018	8	22	2	33	43	11.69	14.75	11.69	12.44	
2018	8	22	2	35	44	11.75	14.75	11.75	12.38	
2018	8	22	2	37	45	11.81	14.75	11.69	12.38	
2018	8	22	2	39	46	12.50	14.69	11.81	12.63	
2018	8	22	2	41	47	12.69	14.69	11.94	12.56	
2018	8	22	2	43	47	12.25	14.69	11.94	12.63	
2018	8	22	2	45	48	12.06	14.69	11.81	12.56	
2018	8	22	2	47	49	12.63	14.69	11.81	12.56	
2018	8	22	2	49	49	12.31	14.63	11.88	12.56	
2018	8	22	2	51	50	12.13	14.63	11.88	12.50	
2018	8	22	2	53	51	12.06	14.63	11.88	12.50	
2018	8	22	2	55	52	11.94	14.63	11.81	12.44	
2018	8	22	2	57	52	12.31	14.56	11.75	12.50	
2018	8	22	2	59	53	12.19	14.56	11.88	12.56	
2018	8	22	3	1	54	11.94	14.56	11.81	12.38	
2018	8	22	3	3	54	12.25	14.56	11.75	12.44	
2018	8	22	3	5	55	12.00	14.50	11.81	12.44	
2018	8	22	3	7	56	11.88	14.50	11.75	12.31	
2018	8	22	3	9	57	11.81	14.50	11.69	12.38	
2018	8	22	3	11	58	11.81	14.50	11.69	12.38	
2018	8	22	3	13	59	11.88	14.44	11.63	12.31	
2018	8	22	3	16	0	11.81	14.44	11.69	12.25	
2018	8	22	3	18	0	11.69	14.44	11.56	12.19	
2018	8	22	3	20	1	11.94	14.38	11.56	12.38	
2018	8	22	3	22	2	11.69	14.38	11.56	12.13	
2018	8	22	3	24	2	11.94	14.38	11.50	12.25	
2018	8	22	3	26	3	11.69	14.31	11.56	12.19	
2018	8	22	3	28	4	11.69	14.31	11.56	12.13	
2018	8	22	3	30	5	12.44	14.31	11.50	12.25	
2018	8	22	3	32	5	12.06	14.25	11.69	12.31	
2018	8	22	3	34	6	11.88	14.25	11.69	12.19	
2018	8	22	3	36	7	11.88	14.25	11.63	12.19	
2018	8	22	3	38	7	11.94	14.25	11.56	12.19	
2018	8	22	3	40	8	11.75	14.25	11.63	12.13	
2018	8	22	3	42	9	11.69	14.25	11.50	12.06	
2018	8	22	3	44	9	11.63	14.19	11.44	12.06	
2018	8	22	3	46	10	11.56	14.19	11.38	12.06	
2018	8	22	3	48	11	11.50	14.25	11.38	12.00	
2018	8	22	3	50	12	11.50	14.19	11.31	12.00	
2018	8	22	3	52	13	11.44	14.13	11.38	11.94	
2018	8	22	3	54	14	11.44	14.19	11.38	11.88	
2018	8	22	3	56	15	11.50	14.13	11.31	11.94	
2018	8	22	3	58	15	11.50	14.13	11.31	11.88	
2018	8	22	4	0	16	11.44	14.13	11.31	11.88	
2018	8	22	4	2	17	11.44	14.06	11.31	11.88	
2018	8	22	4	4	17	11.38	14.06	11.25	11.88	
2018	8	22	4	6	18	11.38	14.06	11.25	11.81	
2018	8	22	4	8	19	11.38	14.00	11.25	11.75	
2018	8	22	4	10	20	11.31	14.00	11.25	11.75	
2018	8	22	4	12	20	11.31	13.94	11.25	11.88	
2018	8	22	4	14	21	11.25	13.94	11.19	11.81	
2018	8	22	4	16	22	11.25	13.94	11.19	11.75	
2018	8	22	4	18	22	11.25	13.94	11.13	11.69	
2018	8	22	4	20	23	11.31	13.94	11.13	11.69	
2018	8	22	4	22	24	11.25	13.94	11.13	11.69	
2018	8	22	4	24	25	11.19	13.88	11.13	11.63	
2018	8	22	4	26	25	11.13	13.88	11.06	11.56	
2018	8	22	4	28	26	11.06	13.88	11.06	11.56	
2018	8	22	4	30	27	11.13	13.81	11.06	11.56	
2018	8	22	4	32	27	11.13	13.75	11.00	11.50	
2018	8	22	4	34	28	11.06	13.75	11.00	11.50	
2018	8	22	4	36	29	11.00	13.75	10.94	11.50	
2018	8	22	4	38	30	11.00	13.75	10.94	11.44	
2018	8	22	4	40	31	11.00	13.69	10.94	11.44	
2018	8	22	4	42	32	11.00	13.69	10.88	11.56	
2018	8	22	4	44	33	11.00	13.63	10.88	11.44	
2018	8	22	4	46	33	11.00	13.63	10.88	11.44	
2018	8	22	4	48	34	11.00	13.56	10.94	11.44	
2018	8	22	4	50	35	10.94	13.56	10.88	11.44	
2018	8	22	4	52	35	10.94	13.56	10.88	11.44	
2018	8	22	4	54	36	10.94	13.56	10.88	11.44	
2018	8	22	4	56	37	10.88	13.50	10.81	11.50	
2018	8	22	4	58	38	10.88	13.50	10.88	11.63	
2018	8	22	5	0	38	10.88	13.50	10.81	11.31	
2018	8	22	5	2	39	10.88	13.44	10.75	11.31	
2018	8	22	5	4	40	10.88	13.50	10.81	11.31	
2018	8	22	5	6	40	10.81	13.44	10.75	11.25	
2018	8	22	5	8	41	10.81	13.44	10.75	11.25	
2018	8	22	5	10	42	10.81	13.38	10.75	11.19	
2018	8	22	5	12	43	10.81	13.44	10.69	11.31	
2018	8	22	5	14	44	10.81	13.44	10.69	11.19	
2018	8	22	5	16	45	10.81	13.44	10.69	11.25	
2018	8	22	5	18	46	10.81	13.44	10.69	11.31	
2018	8	22	5	20	46	10.81	13.38	10.75	11.44	
2018	8	22	5	22	47	10.75	13.31	10.75	11.38	
2018	8	22	5	24	48	10.69	13.31	10.69	11.25	
2018	8	22	5	26	48	10.69	13.31	10.63	11.25	
2018	8	22	5	28	49	10.63	13.31	10.69	11.25	
2018	8	22	5	30	50	10.69	13.25	10.63	11.19	
2018	8	22	5	32	51	10.63	13.25	10.56	11.06	
2018	8	22	5	34	51	10.63	13.19	10.56	11.06	
2018	8	22	5	36	52	10.63	13.19	10.56	11.06	
2018	8	22	5	38	53	10.63	13.25	10.50	11.06	
2018	8	22	5	40	53	10.63	13.25	10.56	11.13	
2018	8	22	5	42	54	10.56	13.25	10.56	11.00	
2018	8	22	5	44	55	10.56	13.19	10.50	11.00	
2018	8	22	5	46	56	10.56	13.19	10.50	11.00	
2018	8	22	5	48	57	10.56	13.13	10.50	11.06	
2018	8	22	5	50	58	10.56	13.19	10.50	10.94	
2018	8	22	5	52	59	10.56	13.13	10.44	10.94	
2018	8	22	5	54	59	10.56	13.13	10.44	10.94	
2018	8	22	5	57	0	10.56	13.06	10.44	10.88	
2018	8	22	5	59	1	10.56	13.13	10.44	10.88	
2018	8	22	6	1	1	10.50	13.06	10.44	10.88	
2018	8	22	6	3	2	10.50	13.06	10.44	10.94	
2018	8	22	6	5	3	10.50	13.06	10.38	10.94	
2018	8	22	6	7	4	10.50	13.06	10.38	10.94	
2018	8	22	6	9	4	10.50	13.06	10.44	10.88	
2018	8	22	6	11	5	10.50	13.00	10.38	10.94	
2018	8	22	6	13	6	10.50	13.00	10.38	10.81	
2018	8	22	6	15	6	10.44	13.00	10.44	10.81	
2018	8	22	6	17	7	10.44	12.94	10.38	10.81	
2018	8	22	6	19	8	10.44	12.94	10.38	10.75	
2018	8	22	6	21	9	10.44	12.94	10.31	10.81	
2018	8	22	6	23	9	10.50	12.94	10.31	10.81	
2018	8	22	6	25	10	10.38	13.00	10.38	10.81	
2018	8	22	6	27	11	10.38	12.94	10.31	10.81	
2018	8	22	6	29	11	10.38	12.94	10.31	10.69	
2018	8	22	6	31	12	10.38	12.94	10.31	10.75	
2018	8	22	6	33	13	10.44	12.88	10.25	10.81	
2018	8	22	6	35	14	10.44	12.88	10.19	10.94	
2018	8	22	6	37	15	10.44	12.88	10.31	10.81	
2018	8	22	6	39	16	10.38	12.88	10.38	10.88	
2018	8	22	6	41	17	10.31	12.88	10.31	10.88	
2018	8	22	6	43	17	10.38	12.81	10.31	10.88	
2018	8	22	6	45	18	10.31	12.81	10.31	10.81	
2018	8	22	6	47	19	10.31	12.81	10.31	10.81	
2018	8	22	6	49	19	10.25	12.81	10.31	10.75	
2018	8	22	6	51	20	10.38	12.75	10.25	10.94	
2018	8	22	6	53	21	10.31	12.75	10.25	10.81	
2018	8	22	6	55	22	10.31	12.75	10.25	10.88	
2018	8	22	6	57	22	10.31	12.75	10.25	10.88	
2018	8	22	6	59	23	10.31	12.75	10.25	10.81	
2018	8	22	7	1	24	10.25	12.69	10.25	10.75	
2018	8	22	7	3	24	10.31	12.69	10.25	10.75	
2018	8	22	7	5	25	10.25	12.69	10.19	10.81	
2018	8	22	7	7	26	10.25	12.63	10.13	10.81	
2018	8	22	7	9	27	10.25	12.69	10.19	10.88	
2018	8	22	7	11	27	10.25	12.69	10.19	10.75	
